50
5 5 5
0 1 0 0 0 
0 0 1 1 1 
1 1 1 1 0 
1 0 1 0 0 
1 0 0 1 0 
5 5 3
0 1 0 1 0 
1 1 1 0 1 
1 0 1 1 0 
1 1 1 0 1 
0 0 1 1 1 
5 5 5
0 0 1 0 0 
0 0 0 0 0 
0 0 1 0 1 
0 0 0 1 1 
0 1 1 0 0 
5 5 2
0 1 0 0 1 
0 1 1 0 0 
0 1 1 1 1 
1 0 0 0 1 
0 1 0 1 1 
5 5 1
1 1 1 1 0 
0 0 1 0 1 
1 1 0 1 0 
0 0 1 0 0 
0 1 1 1 1 
16 14 6
1 1 1 1 0 1 0 0 0 0 0 1 0 0 
1 0 1 0 1 0 1 0 1 1 1 0 0 1 
0 0 0 0 1 0 1 0 0 1 0 1 1 0 
0 0 0 1 1 0 1 0 1 1 1 0 1 1 
0 1 0 1 1 0 1 1 0 0 1 0 0 0 
1 1 0 1 1 1 1 1 1 0 1 0 0 0 
0 0 0 0 1 1 0 1 1 0 0 0 0 0 
1 0 1 0 1 1 0 0 1 0 0 0 1 0 
0 0 0 1 1 1 0 0 0 1 0 0 1 1 
1 1 0 0 1 1 0 0 0 1 1 1 0 1 
1 1 1 0 1 0 1 0 0 1 1 0 0 1 
0 1 1 0 1 0 0 1 1 0 1 1 0 1 
0 0 1 1 1 1 0 1 1 1 1 0 1 1 
1 1 0 0 1 0 0 1 0 0 1 0 1 0 
1 1 1 1 1 0 0 0 1 1 0 1 0 0 
0 1 0 0 0 1 1 1 0 1 0 0 1 0 
108 12 9
0 0 1 1 0 1 0 0 0 0 1 1 
0 1 0 1 1 0 0 0 0 0 0 1 
1 0 1 1 0 1 1 0 1 0 0 1 
0 0 1 1 0 1 1 1 1 0 1 0 
1 1 1 0 1 1 1 1 0 0 0 0 
0 0 1 0 1 0 0 0 1 1 1 0 
0 1 1 0 0 0 1 0 1 1 0 0 
0 0 1 0 0 1 1 0 0 0 1 0 
0 1 0 0 0 1 0 1 0 1 1 0 
0 1 0 0 1 1 1 0 1 1 1 0 
1 0 0 0 1 0 1 1 1 1 0 0 
0 0 0 0 1 1 1 1 1 0 0 0 
0 1 0 1 0 1 0 1 0 0 1 1 
1 0 0 1 1 0 1 0 1 0 1 1 
1 0 0 0 1 0 1 0 1 0 1 0 
0 0 1 1 0 0 0 1 0 1 1 1 
1 1 0 0 1 0 1 0 1 1 1 1 
1 1 1 0 0 1 1 0 0 0 0 0 
1 1 0 1 1 1 1 1 1 0 1 0 
1 0 0 1 1 1 1 1 1 0 0 0 
1 1 0 0 1 1 1 0 1 0 0 1 
0 1 0 0 1 0 1 1 1 1 0 0 
1 1 0 0 0 1 0 1 0 1 1 0 
0 0 1 0 0 1 1 1 0 0 1 0 
1 1 0 1 1 0 1 0 0 0 1 1 
0 1 0 1 1 1 1 0 0 1 1 0 
1 1 1 1 1 0 1 0 1 1 1 1 
1 0 0 1 0 1 0 0 1 0 1 0 
0 0 1 1 0 1 1 1 0 1 0 1 
1 0 0 0 1 1 1 0 0 0 0 1 
1 1 1 0 0 1 0 0 1 0 1 1 
1 0 0 0 1 0 1 1 1 0 1 0 
1 0 0 0 1 1 0 0 0 1 0 1 
1 1 1 1 0 1 1 1 0 1 1 0 
1 1 1 1 1 1 0 0 0 0 1 0 
0 0 0 0 1 1 0 0 0 1 0 1 
1 0 1 0 1 1 0 0 1 1 1 0 
0 1 0 0 1 1 1 1 1 0 0 1 
0 0 1 1 0 0 0 0 0 0 1 1 
0 1 0 0 1 1 1 0 0 1 0 0 
0 0 0 0 0 1 1 1 0 1 1 1 
1 0 0 0 0 0 1 1 0 0 0 0 
1 0 1 0 1 0 0 0 1 1 1 0 
0 0 0 0 0 1 1 0 1 0 1 1 
0 1 1 0 0 1 0 0 0 1 1 1 
0 1 0 1 1 1 1 1 0 0 1 1 
0 1 0 0 1 0 1 0 0 1 1 1 
1 1 1 1 0 0 1 0 1 1 1 1 
0 1 0 0 0 0 1 0 0 0 0 1 
1 1 1 1 0 0 1 0 1 0 0 1 
1 0 1 0 1 1 0 0 0 0 1 1 
0 1 1 1 1 1 0 1 0 1 0 0 
1 1 0 0 0 1 1 0 1 0 1 1 
0 0 0 0 0 1 1 0 0 0 1 0 
1 0 1 1 0 1 0 1 1 0 1 1 
0 0 0 0 1 1 1 0 0 0 0 1 
0 0 0 1 0 0 0 1 0 0 1 0 
1 0 1 0 0 0 1 0 1 1 0 1 
0 0 1 0 0 0 0 1 0 0 0 0 
1 1 1 0 0 1 0 0 0 0 0 1 
0 0 0 0 1 1 0 1 0 1 0 1 
0 1 0 0 1 1 0 1 0 0 0 1 
0 1 1 0 1 0 0 0 0 0 0 1 
0 1 1 1 1 1 1 0 0 0 1 0 
1 0 1 0 1 1 0 1 0 1 1 0 
1 0 1 0 1 0 0 0 1 1 1 1 
1 0 1 1 0 0 0 0 1 1 0 1 
0 0 0 0 0 0 1 0 0 1 1 1 
1 1 1 1 1 1 0 0 1 1 0 0 
1 0 1 0 1 1 1 1 0 0 0 1 
0 0 0 0 0 1 0 0 0 1 1 0 
0 0 0 1 0 0 0 1 0 1 1 1 
1 1 0 0 1 0 1 0 0 1 0 0 
0 1 0 1 0 1 1 0 0 0 1 0 
1 0 0 0 1 0 1 0 0 0 1 1 
1 0 1 0 1 0 1 0 0 0 0 1 
0 0 0 1 0 0 1 1 1 0 1 0 
0 1 0 1 0 1 0 1 1 0 1 1 
0 1 0 1 0 1 1 1 1 0 0 1 
0 1 0 0 1 1 1 1 1 1 0 0 
0 0 1 0 1 1 0 0 0 1 0 1 
1 1 1 1 1 1 0 0 0 0 0 1 
0 0 1 0 1 0 1 0 0 0 0 0 
0 1 0 1 1 1 0 1 1 0 0 0 
0 1 1 0 1 0 1 1 1 1 0 0 
1 0 0 0 0 0 1 0 0 1 0 1 
1 0 0 0 0 1 0 0 0 0 1 0 
1 0 0 1 1 1 1 1 1 0 0 0 
1 1 0 1 1 0 0 0 1 1 0 0 
1 0 0 1 1 1 1 0 0 1 0 1 
0 0 0 1 1 1 0 1 1 0 0 1 
0 1 1 1 1 1 0 1 0 0 0 0 
0 1 0 1 1 1 0 0 0 0 1 0 
1 1 0 1 0 0 0 1 1 1 0 0 
1 1 0 0 0 1 0 1 0 0 0 1 
0 1 0 0 0 0 1 0 0 1 0 0 
1 0 1 1 0 1 1 1 0 0 0 0 
1 0 1 0 1 1 1 1 0 0 1 1 
0 1 1 0 0 1 1 0 0 1 1 1 
0 0 1 0 0 0 1 1 1 0 0 1 
1 0 0 1 1 1 1 1 0 0 0 1 
1 0 0 1 1 0 0 1 1 1 1 1 
0 0 0 0 1 1 1 0 1 1 0 1 
1 1 0 0 1 0 0 1 0 0 0 1 
1 1 1 1 1 0 1 1 0 0 0 1 
1 0 0 0 1 0 0 0 1 1 0 1 
1 1 0 1 1 0 0 1 0 1 1 1 
1 0 0 1 0 0 1 0 0 1 0 1 
62 19 3
0 1 0 0 0 0 1 1 1 1 1 0 1 1 1 1 0 0 1 
1 1 1 0 1 1 0 1 1 0 0 1 1 0 1 1 0 0 1 
0 1 1 0 1 0 0 0 0 1 0 0 1 0 0 1 0 1 0 
1 0 1 1 0 0 0 0 0 1 0 0 1 1 0 1 0 0 1 
1 1 1 0 0 1 1 1 0 0 1 0 1 0 1 0 1 0 1 
1 1 1 0 1 0 0 0 1 0 0 1 0 0 1 1 1 1 1 
0 1 1 1 1 1 0 1 1 1 0 0 1 1 1 0 1 0 0 
0 1 1 0 0 0 1 1 0 1 0 1 0 0 1 1 1 1 1 
1 0 1 1 0 0 1 0 0 1 1 1 0 1 0 0 0 1 0 
1 0 1 0 0 0 1 0 0 0 0 0 0 1 0 0 0 1 1 
0 1 0 0 1 1 0 1 0 1 0 1 0 1 1 0 0 1 0 
1 0 1 0 0 0 0 0 1 0 0 0 1 1 1 1 1 0 1 
1 1 1 1 1 0 1 1 1 1 0 1 1 0 0 0 0 1 1 
0 0 1 0 1 1 0 1 0 0 1 0 1 0 0 0 1 1 1 
0 1 1 1 0 1 0 0 1 1 0 1 0 1 1 1 0 0 1 
1 1 1 1 1 0 1 1 0 1 1 0 0 0 0 1 0 0 1 
1 0 0 1 1 1 0 1 1 1 1 1 1 1 1 0 1 1 0 
0 1 1 1 1 0 1 0 0 0 0 1 1 0 0 0 1 0 0 
1 1 0 0 1 0 1 1 0 0 0 1 1 1 0 0 1 0 1 
1 1 1 0 0 0 1 0 0 0 1 1 0 1 0 0 0 1 0 
1 1 0 0 1 1 1 1 0 1 0 1 0 1 1 1 1 0 1 
0 1 1 0 0 0 1 1 0 0 1 0 0 1 1 1 0 0 0 
1 1 1 0 1 1 1 1 1 1 1 0 1 1 1 0 0 1 1 
1 1 1 0 0 0 0 1 1 0 1 1 1 0 1 1 0 1 0 
1 1 0 1 1 1 0 0 0 0 1 0 0 1 0 0 1 1 0 
1 0 1 0 0 0 0 1 1 1 1 1 1 0 1 1 0 1 1 
1 0 1 0 1 0 0 0 1 0 1 1 0 1 1 0 1 1 0 
1 1 0 1 0 1 0 1 1 1 1 0 1 0 0 0 1 1 1 
1 0 1 0 1 0 1 1 0 0 1 0 1 0 0 1 0 1 0 
0 0 0 1 1 0 1 0 0 1 0 0 0 1 1 1 1 1 0 
1 0 0 1 1 1 0 0 1 0 1 0 1 0 0 1 0 0 0 
1 0 1 1 0 1 0 1 1 1 1 0 0 1 0 1 1 1 0 
0 1 0 0 0 0 1 0 1 0 1 0 0 0 0 1 0 0 1 
1 1 1 0 0 0 0 0 0 1 1 0 0 1 1 0 0 1 1 
1 1 0 1 1 1 0 0 1 1 0 0 0 0 1 1 0 1 0 
0 1 1 0 1 1 0 1 1 1 0 0 1 0 1 1 0 0 1 
1 1 1 0 1 0 1 0 1 1 1 1 0 1 1 1 0 1 1 
1 0 0 1 1 1 1 1 1 1 0 1 0 0 0 1 0 1 0 
0 1 0 0 0 0 1 1 0 1 1 0 1 0 0 0 0 0 1 
1 1 0 0 0 1 1 1 0 1 0 1 1 0 1 0 1 1 1 
1 0 1 0 0 1 0 1 0 1 1 1 1 1 1 0 1 0 1 
1 1 1 0 1 0 1 1 0 1 0 0 1 0 1 0 0 1 0 
1 0 1 0 0 1 1 0 1 0 1 0 0 1 0 1 1 1 0 
0 0 1 0 1 1 0 0 0 0 0 1 1 0 1 1 1 1 1 
0 0 0 1 1 0 0 1 0 0 1 0 0 1 0 0 1 0 1 
1 1 0 1 0 1 1 0 1 1 0 1 1 0 0 1 1 0 0 
0 0 1 0 1 1 0 1 0 1 0 1 0 1 0 1 0 1 1 
0 1 1 1 1 0 1 1 0 1 1 0 1 0 0 1 0 0 1 
0 0 1 1 1 0 1 0 0 1 0 0 1 0 1 0 1 1 1 
0 1 0 1 0 0 0 1 0 0 1 1 1 0 0 1 1 0 1 
0 1 1 1 1 1 0 1 1 0 1 1 1 1 0 1 1 0 0 
1 1 1 0 1 0 0 0 0 1 1 0 0 0 1 0 1 0 1 
1 0 0 1 1 0 1 1 1 1 0 0 0 0 1 1 1 0 0 
0 0 0 0 1 0 1 0 0 1 0 1 1 0 0 0 0 0 1 
0 0 0 1 0 0 0 0 0 1 1 0 0 1 0 0 1 0 0 
0 1 0 0 0 1 1 0 1 1 0 0 1 0 0 0 1 0 1 
0 1 1 1 1 0 1 0 1 0 1 1 1 0 0 0 1 1 0 
1 1 1 0 1 0 1 0 1 0 1 0 0 0 1 1 0 1 1 
0 0 1 1 1 1 1 0 1 1 0 0 1 0 1 0 1 0 1 
0 1 1 0 0 1 1 0 1 0 1 1 1 0 1 0 0 0 1 
0 0 1 0 1 1 1 1 0 1 1 0 1 1 0 0 0 0 0 
1 0 1 1 0 1 0 0 0 0 1 1 1 0 0 0 1 1 0 
62 8 7
1 1 0 0 0 1 0 0 
1 0 0 0 0 1 0 1 
0 0 0 1 0 1 1 1 
1 1 1 0 0 0 1 1 
0 0 0 0 1 0 1 0 
0 0 1 1 0 1 0 1 
0 1 1 1 1 0 0 1 
1 0 1 1 1 0 1 1 
0 1 0 1 1 1 1 1 
1 0 1 1 1 0 0 1 
1 1 0 0 1 1 1 1 
0 0 1 1 1 0 1 1 
1 1 1 0 0 0 1 0 
0 1 0 0 0 1 1 0 
0 0 0 1 1 1 1 1 
1 0 0 0 1 0 0 1 
0 1 0 0 0 0 0 1 
0 1 1 0 1 1 1 0 
0 1 1 0 1 1 0 0 
0 0 0 0 1 1 1 0 
1 1 0 1 0 1 1 1 
1 0 1 1 0 1 1 1 
0 1 0 0 1 0 0 1 
1 1 1 0 0 1 0 1 
0 0 1 0 1 0 0 0 
0 1 0 1 0 0 0 1 
1 0 1 1 1 1 1 0 
1 1 0 1 0 1 0 0 
0 1 0 1 1 1 0 0 
1 1 1 0 0 0 0 0 
0 0 1 0 1 1 1 1 
0 1 1 1 1 0 0 1 
1 1 1 0 1 0 1 1 
0 0 1 1 0 0 0 0 
0 0 1 1 0 0 0 0 
1 1 0 1 0 0 0 0 
0 1 1 1 0 0 1 1 
0 0 0 0 0 1 1 1 
1 0 1 0 1 1 0 1 
0 0 1 1 1 0 1 1 
1 0 1 0 1 0 0 1 
1 0 1 1 0 0 1 1 
1 1 0 0 0 0 1 1 
1 1 1 1 1 0 0 1 
0 1 1 0 0 0 1 1 
0 1 0 0 0 0 0 1 
0 1 0 1 1 1 1 0 
1 1 1 1 0 1 1 0 
0 1 0 1 0 0 0 0 
1 1 0 1 1 0 0 1 
1 0 0 0 1 1 1 0 
0 1 0 1 0 1 0 0 
1 1 0 0 1 1 1 1 
0 1 0 0 0 1 1 0 
1 1 1 0 0 1 0 1 
0 0 0 1 0 1 0 1 
0 1 0 0 1 1 1 0 
0 0 0 1 1 0 1 1 
0 1 1 1 0 1 1 1 
0 1 1 1 0 0 0 1 
1 0 1 1 1 1 1 1 
1 1 1 0 0 0 0 0 
113 19 7
1 0 1 0 0 1 0 0 1 0 1 1 0 0 1 1 1 1 0 
1 0 1 1 1 0 1 1 0 1 1 0 0 0 0 0 1 0 0 
0 0 0 1 1 0 0 0 1 1 0 1 1 0 1 1 0 1 1 
1 0 1 1 0 0 0 0 1 0 1 1 0 0 1 0 1 0 1 
1 1 1 0 0 0 1 1 1 1 0 0 0 1 0 1 0 1 0 
0 1 1 0 1 1 0 1 0 1 0 1 0 1 1 0 0 1 0 
1 0 1 1 0 0 0 1 0 0 1 0 1 1 1 0 0 1 0 
1 0 0 1 1 0 0 1 1 1 0 1 1 0 1 1 0 0 0 
1 1 1 0 0 0 0 1 1 1 0 0 1 0 0 1 0 0 0 
0 1 0 0 1 1 0 0 1 0 1 1 1 1 1 1 0 0 0 
0 1 1 0 0 1 0 0 0 0 0 0 1 0 0 1 0 1 1 
1 0 1 0 0 0 1 1 1 1 1 1 0 0 0 1 1 0 1 
1 1 0 0 1 1 0 1 1 1 0 0 1 1 1 0 1 1 0 
1 0 0 1 0 1 0 0 0 1 1 1 0 0 1 1 1 0 1 
0 0 1 1 1 1 1 0 0 1 1 0 0 0 0 1 0 1 0 
1 1 1 1 0 0 0 1 0 0 0 1 1 1 1 1 0 0 1 
1 0 0 0 0 1 1 0 0 0 0 0 0 1 1 0 1 0 0 
0 1 1 0 0 1 1 0 1 1 1 0 1 1 0 0 1 1 0 
0 1 0 1 0 0 0 0 1 0 1 0 1 1 1 1 0 1 0 
0 1 1 0 1 0 1 1 0 1 1 0 1 1 0 0 1 1 0 
0 0 1 0 1 0 0 0 1 0 1 1 1 0 1 1 0 0 1 
1 0 0 0 1 0 1 1 0 0 0 0 0 1 0 0 0 0 1 
0 1 0 0 0 1 0 1 0 1 0 0 0 1 0 1 0 1 0 
1 1 0 0 0 0 1 0 1 1 0 0 0 0 1 0 1 0 0 
0 0 1 0 0 1 1 0 0 0 1 0 0 0 0 1 0 0 1 
0 1 1 1 0 0 0 1 0 1 1 0 1 1 1 1 1 1 0 
1 0 1 1 0 1 0 0 1 1 0 0 0 1 0 0 1 0 1 
1 1 1 1 1 0 0 0 0 1 1 1 1 1 1 1 0 0 0 
0 1 1 0 1 1 0 1 1 0 1 0 1 0 1 1 0 0 1 
1 1 0 0 1 1 0 0 0 0 1 0 0 0 0 1 1 1 1 
0 1 0 0 0 0 0 0 1 0 0 0 0 0 1 1 0 1 1 
1 1 1 1 0 1 0 1 0 0 1 1 0 0 1 0 0 1 0 
1 1 0 1 0 1 0 1 0 1 0 1 0 0 1 1 1 0 0 
0 0 0 0 0 0 1 0 0 1 0 1 0 0 1 0 0 0 0 
0 0 0 1 0 0 0 0 1 1 0 0 0 1 1 0 0 1 1 
0 0 1 0 1 1 1 0 1 0 0 1 1 1 1 1 1 1 1 
0 0 1 1 1 0 1 1 1 0 0 1 1 1 0 0 1 0 0 
0 1 1 1 0 0 0 0 0 1 0 1 0 0 1 0 0 0 0 
0 1 0 0 0 0 0 1 1 1 1 1 1 0 0 1 1 0 1 
0 1 1 1 0 1 0 0 1 1 1 1 0 0 0 0 0 1 1 
1 1 1 1 0 0 1 1 1 0 1 1 0 1 1 0 0 1 0 
0 0 0 1 1 0 1 0 0 1 1 0 1 1 1 1 1 1 1 
1 1 0 1 1 0 0 0 0 1 0 0 0 0 0 1 1 0 1 
0 1 0 0 0 1 0 0 1 1 0 0 0 1 1 1 1 0 1 
0 1 0 0 0 1 0 1 1 0 0 0 0 1 0 1 1 0 1 
0 1 1 1 0 0 1 0 0 0 0 0 1 0 0 0 0 0 1 
0 0 0 1 1 0 1 0 0 1 1 0 0 0 0 1 1 0 1 
0 1 1 0 0 0 1 1 0 1 0 0 0 1 1 1 1 0 1 
1 1 1 0 0 0 1 1 1 0 1 1 0 1 1 0 1 1 1 
1 1 1 1 0 0 0 1 0 1 0 0 0 0 1 0 0 1 0 
0 0 0 1 0 1 1 0 1 0 0 1 0 1 0 0 0 1 0 
0 1 0 0 1 1 1 1 0 1 1 0 0 0 0 1 0 1 1 
0 1 0 0 0 1 0 0 0 1 1 0 0 0 0 0 0 0 0 
0 1 0 1 1 1 1 0 1 1 1 1 1 1 0 1 0 1 1 
0 1 1 0 0 1 1 0 1 1 1 1 1 1 0 0 0 0 0 
0 1 1 0 0 0 0 0 1 1 1 1 1 1 1 1 0 0 1 
1 1 1 0 1 1 1 0 0 1 1 0 1 1 0 1 1 0 1 
1 1 1 0 1 1 1 1 1 0 1 0 0 1 1 0 1 1 0 
1 1 0 1 1 1 1 0 1 0 1 0 1 0 0 1 1 0 0 
0 1 1 0 1 1 1 0 0 1 0 1 0 1 1 1 0 0 0 
0 0 1 0 0 0 1 1 0 0 0 1 0 0 0 1 0 0 0 
1 0 1 0 0 0 0 0 1 1 1 1 0 1 1 0 0 0 0 
0 1 1 0 1 0 0 1 1 0 0 1 0 0 1 0 0 0 1 
0 0 0 1 0 0 0 0 1 0 1 1 0 0 1 1 1 1 1 
0 0 1 1 1 1 0 1 0 0 1 0 0 0 0 0 1 1 0 
0 0 0 0 1 1 0 0 0 0 0 1 0 0 0 1 0 0 0 
0 1 0 1 0 1 1 1 0 0 1 0 1 0 1 1 1 1 1 
1 0 1 0 1 1 0 0 1 0 0 1 0 1 0 1 1 0 0 
0 0 1 0 1 0 0 1 1 1 1 0 0 0 1 0 1 0 0 
0 0 1 0 0 0 1 1 1 0 1 1 1 1 1 0 1 1 1 
0 0 1 0 0 0 0 1 1 1 1 0 0 0 0 1 0 0 0 
0 0 0 1 1 0 1 0 0 0 0 1 1 0 0 1 0 1 1 
0 0 1 1 0 0 0 1 0 1 1 1 1 0 1 0 0 0 1 
1 1 1 0 1 1 0 1 0 0 1 0 0 0 0 0 1 1 0 
0 0 0 1 0 0 0 1 1 0 1 0 1 1 1 0 0 1 0 
0 1 0 0 0 0 0 0 1 1 1 0 0 1 1 0 1 0 1 
1 1 0 0 0 1 0 0 0 1 1 0 0 0 1 0 0 1 1 
0 0 1 1 0 0 0 0 1 1 0 0 0 1 0 0 1 1 0 
1 0 0 0 1 1 0 1 1 1 0 0 1 1 1 1 0 1 0 
0 1 0 1 1 1 0 0 1 0 1 0 1 1 0 1 0 1 1 
1 0 1 0 0 0 1 1 1 1 1 1 0 1 1 1 0 0 0 
0 0 0 0 1 1 0 1 1 1 0 1 0 1 1 0 1 0 0 
0 0 1 0 1 0 0 0 0 1 0 1 0 1 1 1 1 0 1 
0 0 1 0 1 0 1 0 0 1 1 0 0 0 1 1 0 1 0 
1 1 1 0 1 0 1 1 0 1 1 1 0 1 1 1 0 1 1 
1 1 0 0 0 1 0 1 1 0 1 1 0 0 0 0 1 0 0 
0 1 1 1 0 0 0 1 0 1 0 1 0 0 1 1 1 1 1 
1 0 0 0 0 1 1 1 0 0 1 0 0 0 0 1 1 0 1 
1 1 0 0 0 1 0 1 0 1 1 1 1 1 1 1 1 1 1 
0 1 1 0 0 1 0 0 0 0 1 1 0 1 1 1 1 1 1 
1 1 1 1 1 0 1 0 1 1 1 0 1 1 0 1 1 0 0 
0 1 0 1 0 0 1 0 0 1 0 0 0 0 0 0 1 1 1 
0 0 1 0 0 0 0 0 0 1 0 0 1 0 0 0 0 0 0 
0 0 0 1 0 1 0 1 0 1 0 0 1 0 0 0 1 1 0 
0 0 1 1 0 1 0 0 0 1 1 1 1 0 0 1 0 0 0 
1 1 0 0 0 0 1 1 1 1 1 0 0 0 0 1 1 0 0 
1 1 1 0 1 1 0 0 0 0 0 0 0 1 1 1 1 1 1 
1 0 1 1 0 0 0 0 1 0 0 0 0 0 0 0 1 1 1 
1 1 1 1 1 1 0 1 0 0 0 0 1 1 1 0 1 0 1 
0 0 0 1 0 1 1 1 1 1 0 1 1 0 1 1 1 0 0 
0 0 1 0 1 1 1 0 1 0 1 0 0 0 1 1 0 0 0 
1 1 0 1 0 0 1 1 1 1 0 1 1 1 0 0 1 0 1 
1 1 0 0 0 1 1 1 0 0 0 0 0 1 0 0 0 1 0 
1 0 1 1 0 1 1 1 1 0 1 0 0 0 0 1 1 1 0 
1 0 1 0 0 0 0 0 1 1 0 1 1 1 0 1 0 0 1 
0 0 1 1 1 1 0 0 0 0 0 1 0 0 1 0 0 0 1 
1 0 1 1 1 0 1 0 1 1 0 0 0 1 0 1 1 0 1 
0 0 0 1 0 1 1 1 0 0 0 0 1 0 0 0 1 0 1 
0 1 1 0 0 0 1 1 1 0 1 0 0 0 1 0 0 0 0 
1 0 1 1 1 0 1 1 1 0 1 1 1 0 1 0 0 0 1 
1 0 1 1 0 0 0 0 0 1 1 1 1 1 0 1 0 0 0 
1 1 1 1 0 0 0 1 0 1 1 1 1 1 1 0 1 1 1 
1 1 0 0 1 0 0 0 1 1 0 1 1 1 0 1 1 0 1 
59 14 5
1 0 1 0 0 0 0 1 1 1 1 1 0 1 
0 0 0 0 0 1 0 0 0 0 0 0 1 1 
1 1 1 0 1 0 0 1 0 0 0 0 0 0 
1 0 1 1 1 1 1 0 0 1 1 0 1 0 
0 0 1 0 1 1 1 0 0 1 0 0 0 0 
0 1 0 1 1 1 1 0 0 1 0 1 0 1 
1 1 1 1 1 1 0 1 0 1 0 0 0 0 
1 0 1 0 0 1 0 0 1 0 1 1 0 0 
1 1 1 1 1 1 0 0 1 0 0 0 1 0 
1 1 1 0 0 1 0 1 0 0 0 1 1 0 
1 1 1 1 1 1 1 0 1 0 0 1 0 1 
0 0 0 1 1 1 0 1 0 1 0 0 0 0 
1 0 1 1 1 0 1 1 1 0 1 1 0 1 
1 0 1 0 0 1 1 1 1 1 1 1 1 1 
0 1 0 0 0 0 1 1 0 1 1 0 1 0 
1 0 0 0 0 0 0 1 1 1 1 0 1 1 
1 1 0 1 1 1 0 0 0 1 1 1 1 0 
1 0 0 1 1 1 0 0 1 1 0 1 1 1 
0 0 0 1 1 1 1 0 1 1 1 0 0 0 
1 1 0 0 0 1 0 0 1 1 1 0 1 0 
1 0 1 1 1 1 1 0 0 1 0 0 1 1 
1 1 0 0 1 1 1 0 0 0 0 0 1 0 
0 1 0 1 1 1 1 0 1 0 0 0 1 1 
1 1 0 0 0 1 1 0 0 0 1 1 0 0 
0 0 1 0 0 1 1 0 1 1 0 0 1 0 
0 1 0 0 0 0 1 1 0 1 1 0 0 1 
0 1 0 1 1 0 1 0 1 0 0 0 0 0 
0 1 0 0 1 0 0 0 1 1 1 0 1 1 
0 0 1 1 1 0 0 1 0 1 1 0 0 0 
1 1 0 1 1 0 0 0 1 0 1 0 1 0 
1 1 1 1 1 0 1 1 1 0 0 0 0 0 
1 1 1 1 1 0 1 1 1 1 0 0 0 1 
0 1 0 0 0 1 0 0 1 0 0 0 1 1 
0 0 0 1 0 1 0 1 1 1 0 0 0 1 
0 1 1 1 1 0 1 1 1 1 0 0 1 0 
0 1 0 1 1 0 0 1 0 0 0 1 1 0 
1 1 0 0 1 0 0 0 1 1 1 1 1 1 
1 1 0 0 1 1 1 1 1 1 1 0 1 1 
0 0 0 0 1 1 1 0 1 0 0 0 1 0 
0 1 0 0 0 0 0 0 0 1 1 0 0 1 
0 1 1 0 0 1 0 1 1 0 0 0 1 1 
0 0 1 1 0 1 1 1 1 1 1 0 1 1 
0 1 1 0 0 1 0 1 0 0 1 1 0 1 
1 0 0 1 0 1 0 0 0 0 1 1 1 0 
0 1 0 1 1 0 0 1 1 0 0 1 1 0 
1 0 1 1 0 0 0 0 0 1 0 1 1 0 
1 0 1 0 1 0 1 1 1 1 0 0 1 1 
1 1 1 1 0 1 0 0 1 1 1 0 0 0 
0 1 1 1 0 0 0 0 1 0 0 0 1 1 
0 1 0 0 0 0 1 0 0 1 0 0 0 0 
0 1 0 0 0 1 1 0 1 0 1 0 1 1 
1 1 0 1 0 1 0 0 1 1 1 0 1 0 
1 0 1 0 1 1 0 0 1 0 1 1 1 1 
0 0 1 1 0 0 1 0 1 0 0 0 0 1 
1 1 1 0 0 1 0 1 1 0 0 1 0 0 
1 0 0 0 0 0 1 1 1 1 1 1 1 0 
0 0 1 1 0 0 0 0 1 0 1 1 1 0 
1 1 0 1 1 0 1 1 0 0 0 0 0 0 
1 0 1 0 1 1 0 0 1 1 1 0 1 1 
58 7 5
0 1 0 0 0 1 0 
1 1 0 0 0 0 0 
0 1 1 1 1 1 0 
1 1 0 1 0 0 1 
0 0 0 1 1 0 0 
0 0 1 0 1 1 1 
0 0 0 1 1 0 1 
0 1 0 1 0 0 1 
1 1 1 0 1 1 0 
1 0 0 0 1 0 1 
0 0 1 1 0 1 1 
0 1 0 1 1 0 1 
1 1 1 1 1 0 1 
1 0 1 0 1 1 1 
0 1 1 1 0 1 1 
0 0 1 1 0 1 1 
1 1 0 1 1 1 0 
0 0 1 0 0 1 1 
0 0 0 1 0 1 1 
0 0 1 0 1 0 0 
1 0 0 0 0 1 0 
0 1 0 0 1 1 1 
1 0 0 0 0 0 0 
0 1 1 0 0 1 1 
1 0 1 0 0 1 0 
0 0 1 0 0 0 1 
0 1 0 1 1 0 1 
0 1 0 0 0 1 0 
1 1 0 0 1 0 0 
1 0 1 1 1 0 0 
0 0 0 1 1 1 0 
1 0 1 0 0 1 1 
0 0 1 1 1 1 1 
0 0 1 1 0 0 1 
0 0 1 0 1 0 0 
0 0 0 1 0 0 0 
0 1 0 0 1 0 0 
0 0 0 0 0 0 0 
0 0 1 1 1 1 1 
0 1 1 1 0 0 1 
0 0 1 0 0 1 1 
0 0 0 1 1 1 0 
0 1 1 1 0 1 1 
0 0 1 1 0 1 0 
1 0 0 1 0 1 1 
0 1 1 1 0 1 0 
0 1 1 1 1 0 1 
0 1 0 0 0 1 0 
0 1 1 0 0 1 1 
0 1 1 1 1 1 1 
0 1 1 0 1 0 0 
0 1 0 0 1 1 1 
1 0 1 1 1 0 1 
0 1 1 0 1 0 0 
0 0 0 1 0 1 1 
0 0 1 0 1 1 0 
0 0 0 0 1 1 0 
1 0 1 0 1 0 1 
42 10 1
0 0 1 1 1 0 1 1 0 1 
1 0 1 1 1 1 0 1 1 1 
1 0 1 1 1 0 0 1 1 0 
1 1 1 1 1 1 0 0 1 0 
1 0 1 1 0 1 1 1 0 1 
1 0 1 1 0 1 0 0 1 0 
1 0 0 1 0 1 1 1 0 0 
1 1 1 1 0 0 1 0 1 1 
0 0 0 0 1 1 0 1 1 0 
1 0 1 1 1 0 1 1 0 1 
0 0 0 0 1 1 1 0 0 1 
0 0 1 0 1 1 0 1 0 1 
0 0 1 0 1 1 1 0 1 0 
1 1 0 1 1 0 1 1 1 1 
0 0 1 1 1 1 0 0 0 0 
0 0 0 1 0 0 1 1 0 1 
1 0 1 1 1 0 0 1 0 1 
1 1 1 1 1 0 0 0 0 0 
0 1 0 1 0 1 1 0 1 1 
1 1 0 1 1 0 1 1 1 0 
0 1 1 1 0 0 1 1 0 0 
0 1 1 0 1 0 1 0 1 0 
0 0 0 0 1 1 0 1 0 0 
1 0 0 0 0 0 1 1 0 1 
1 1 1 0 0 1 0 0 0 1 
1 1 0 0 1 0 0 1 0 1 
1 1 0 1 0 0 1 0 1 1 
1 1 0 1 0 0 0 1 0 0 
1 0 1 1 0 1 1 1 0 1 
0 1 1 1 1 0 1 1 1 0 
0 1 1 0 1 0 0 1 1 0 
0 0 1 1 0 0 1 0 1 1 
0 1 0 1 0 1 1 1 1 0 
1 1 0 1 0 0 1 1 0 0 
0 0 0 1 0 1 0 1 1 1 
1 0 0 0 0 1 1 0 1 1 
1 1 0 1 1 1 1 1 1 0 
0 1 0 0 0 1 1 0 0 1 
0 0 1 1 1 1 1 1 0 1 
0 1 1 0 1 1 1 0 1 1 
1 1 1 1 1 0 1 1 0 1 
0 0 1 0 0 1 1 0 0 1 
58 12 4
1 1 0 0 0 1 0 1 0 1 1 1 
1 0 1 1 0 0 0 1 0 1 0 0 
1 0 1 1 0 0 1 1 0 1 1 0 
0 0 1 0 0 1 0 0 1 1 1 1 
0 0 1 0 0 0 1 0 1 0 1 1 
1 1 0 1 1 1 0 0 0 0 0 1 
1 1 1 1 0 0 0 0 0 0 1 1 
0 1 0 0 1 1 0 0 0 0 1 1 
0 1 1 1 1 0 1 1 1 1 0 1 
1 0 1 0 0 1 0 1 0 0 0 0 
0 0 0 1 1 1 0 0 0 1 0 0 
1 0 0 0 0 1 1 0 0 1 0 1 
1 1 1 0 0 1 0 1 1 1 1 0 
0 0 1 0 0 0 0 0 0 0 0 1 
1 0 1 0 1 0 0 0 0 1 0 1 
1 0 1 0 0 1 0 0 0 0 1 1 
0 0 1 0 1 0 0 1 1 0 0 0 
0 1 1 1 0 1 1 0 0 1 0 1 
0 1 0 0 1 1 0 0 0 1 1 1 
1 0 0 1 1 1 1 0 1 1 1 1 
1 0 1 0 1 0 1 0 0 1 1 0 
1 0 0 0 1 1 1 0 1 0 0 0 
1 1 0 1 0 0 1 1 1 1 0 0 
0 0 0 0 0 1 1 1 1 0 0 1 
0 0 1 1 1 1 0 1 1 0 1 0 
1 0 1 1 0 1 0 0 1 1 1 1 
1 1 0 1 0 1 0 0 0 0 1 1 
0 1 0 1 0 0 1 0 0 1 1 1 
0 1 0 0 1 0 1 0 0 1 1 1 
0 1 1 1 0 1 0 1 1 1 1 1 
1 1 0 0 1 1 0 1 1 1 0 1 
0 0 1 0 1 0 0 1 0 1 1 0 
0 1 1 0 0 0 0 0 1 0 0 1 
0 1 0 1 0 0 0 1 0 1 0 0 
1 0 1 0 1 0 0 0 0 1 0 1 
0 0 1 0 0 1 0 0 1 1 1 0 
0 0 1 1 0 1 1 1 1 0 1 1 
1 0 1 1 1 1 1 1 1 1 0 0 
0 1 1 1 0 0 0 0 0 1 0 0 
1 0 1 0 1 0 1 1 0 0 0 1 
0 1 1 1 1 0 0 1 1 1 0 1 
0 0 1 0 0 0 1 1 1 0 1 0 
1 1 1 1 1 0 1 0 1 1 0 1 
1 0 1 0 1 1 1 0 0 0 1 0 
0 0 0 1 0 0 0 1 0 1 1 0 
1 0 1 1 1 1 0 0 1 1 1 0 
0 1 0 0 1 0 0 0 1 0 1 1 
1 1 1 0 1 1 0 1 1 0 0 0 
1 1 1 0 1 0 1 0 0 0 1 0 
1 0 0 1 0 1 0 0 0 1 0 0 
1 1 0 0 0 0 0 0 1 1 0 1 
1 1 1 1 1 1 0 1 0 1 0 0 
0 1 0 1 1 1 1 0 0 0 1 0 
0 0 0 1 0 0 0 0 0 0 1 1 
1 0 0 1 1 1 0 1 1 0 0 0 
0 1 1 1 1 0 1 0 1 1 0 0 
0 0 0 0 1 1 0 1 1 0 1 0 
1 1 0 0 0 1 0 0 0 1 0 0 
16 7 1
1 0 1 1 0 0 0 
1 1 1 0 1 0 0 
1 1 1 0 1 1 0 
0 0 0 1 1 1 0 
0 0 0 0 0 0 1 
1 0 1 0 0 1 0 
1 0 1 1 1 0 0 
1 0 0 1 1 1 1 
1 0 0 0 1 1 0 
1 0 1 0 0 1 1 
1 0 1 0 0 1 1 
0 0 1 0 1 0 0 
0 0 0 1 1 0 0 
0 0 0 0 1 0 0 
0 1 1 1 1 0 1 
0 1 0 1 1 0 0 
169 13 12
0 0 1 1 0 0 0 0 1 1 0 0 1 
0 0 1 0 1 0 1 1 0 1 1 1 0 
1 1 1 1 1 1 1 0 0 0 1 0 0 
0 1 0 1 0 0 1 1 1 0 1 0 1 
1 1 1 0 1 1 1 1 1 0 1 0 0 
1 0 1 1 1 1 1 0 0 0 0 1 1 
0 0 1 0 1 0 0 1 1 0 1 1 0 
0 1 0 0 1 0 0 1 1 1 0 0 1 
1 0 0 1 1 0 0 1 1 0 1 0 1 
1 0 1 1 0 0 1 1 0 1 1 0 0 
1 0 1 1 0 0 0 1 1 1 0 1 1 
0 1 0 1 0 0 0 0 1 1 1 0 0 
1 0 1 0 0 1 0 0 1 1 0 0 1 
0 0 0 0 1 1 1 1 1 1 0 1 1 
0 0 0 1 1 1 0 1 0 1 0 0 1 
1 1 1 0 1 1 1 0 0 0 0 1 1 
1 0 1 0 1 0 1 0 0 1 1 0 0 
0 0 0 0 0 1 1 1 0 0 0 1 0 
0 1 1 0 0 0 0 0 0 0 0 0 1 
0 1 0 0 1 1 0 0 1 1 0 1 0 
1 1 0 1 0 1 0 1 0 0 1 0 1 
1 1 0 1 1 1 0 0 1 1 0 0 0 
1 0 0 1 1 0 1 1 1 1 1 1 0 
0 1 0 1 1 1 0 0 1 0 1 0 1 
1 1 1 1 1 1 0 1 1 0 1 1 1 
1 0 0 1 1 1 0 0 1 0 0 0 0 
1 0 1 1 0 1 0 0 0 1 0 0 0 
1 0 0 0 1 1 1 0 1 1 0 0 0 
1 1 0 1 0 0 1 1 1 0 1 1 0 
1 0 0 0 0 1 0 1 0 1 1 0 0 
1 0 0 1 1 0 0 0 0 0 1 1 1 
1 0 0 0 1 0 1 1 0 1 0 1 1 
1 1 0 1 1 1 1 0 1 0 1 1 1 
1 1 0 1 0 0 0 1 1 0 0 0 1 
1 0 1 0 1 1 0 1 0 1 1 1 1 
1 0 1 1 0 0 1 1 1 0 0 1 0 
0 0 0 0 0 0 1 0 1 1 0 0 0 
1 0 1 0 1 0 0 1 1 1 1 1 0 
1 1 0 0 0 1 1 1 0 0 0 1 0 
0 0 0 0 0 0 0 0 1 1 0 1 1 
0 0 0 0 0 0 0 0 1 1 1 1 1 
1 0 0 0 1 0 0 0 0 0 1 1 1 
1 1 0 1 0 1 0 1 1 0 0 0 0 
0 1 1 1 0 0 0 0 1 1 1 1 1 
1 0 1 1 1 1 0 1 1 0 1 0 0 
1 0 0 0 0 0 0 0 1 1 1 0 0 
0 1 0 0 1 1 1 1 1 1 0 0 1 
0 1 0 0 1 1 1 0 0 1 1 1 1 
0 0 0 0 1 1 0 0 1 0 1 1 1 
0 1 0 0 0 1 0 0 1 1 1 0 0 
0 1 1 0 1 1 1 1 0 0 0 1 0 
0 0 0 1 1 1 1 1 0 1 0 0 1 
0 0 0 1 0 1 0 1 0 0 1 1 0 
1 1 0 0 1 0 1 0 1 1 0 1 1 
0 0 1 0 1 1 1 1 1 0 0 1 0 
0 1 0 0 1 0 1 1 0 1 0 0 0 
1 0 0 1 0 1 1 0 0 1 1 0 0 
0 0 0 1 0 1 0 0 0 0 1 1 0 
0 0 1 0 0 0 1 0 1 0 0 0 0 
0 0 0 0 0 0 1 1 0 0 1 0 1 
1 1 1 1 1 0 0 0 0 0 0 1 1 
0 0 1 0 1 0 0 1 0 1 1 1 1 
1 0 1 1 0 1 1 1 0 1 1 0 1 
0 1 0 0 0 1 1 1 1 1 1 0 0 
1 0 0 1 1 0 1 0 0 1 0 1 1 
1 0 1 1 0 1 1 1 0 1 1 1 1 
1 0 0 1 0 1 0 1 0 0 0 0 0 
0 0 0 0 1 1 1 1 1 1 0 0 1 
0 1 0 0 0 1 0 1 1 0 0 1 0 
1 0 1 1 0 0 0 1 1 0 0 0 0 
0 0 1 1 1 0 0 0 1 1 1 0 0 
0 1 1 0 1 0 1 1 0 0 0 1 0 
1 1 1 1 1 1 0 0 0 0 1 1 1 
1 1 0 0 1 1 0 1 0 1 0 1 1 
1 1 1 1 0 0 1 0 0 0 1 1 0 
1 1 1 1 0 0 1 1 1 1 1 0 1 
1 0 1 0 0 0 0 0 1 0 0 0 1 
1 1 1 0 1 0 1 0 0 1 1 1 0 
1 1 0 1 0 1 1 0 0 1 1 0 0 
1 1 1 0 0 0 0 1 0 1 1 0 0 
1 0 1 0 0 0 0 0 1 0 1 0 0 
1 1 1 0 0 1 0 1 0 0 1 0 1 
1 1 0 0 0 0 0 1 0 0 0 0 0 
1 1 1 1 1 0 0 0 0 0 1 1 1 
1 0 0 1 1 1 1 1 1 1 0 1 0 
0 1 1 0 1 0 1 1 1 0 0 1 0 
0 1 1 1 1 1 0 1 0 0 0 1 1 
0 1 1 0 0 0 1 1 1 0 0 1 0 
1 0 1 0 0 0 0 1 1 1 0 0 0 
0 0 0 1 0 0 1 0 1 1 0 1 0 
0 1 0 0 1 0 1 1 0 0 0 0 0 
0 1 1 1 0 1 0 0 1 0 1 0 0 
0 0 0 1 0 1 0 1 0 1 1 0 0 
1 1 0 1 1 1 1 1 0 0 1 1 0 
0 1 0 0 1 0 0 1 0 0 0 0 1 
1 0 1 0 1 0 1 1 0 1 0 0 0 
0 0 1 1 1 1 0 0 0 1 1 1 0 
1 1 1 0 0 1 1 0 1 0 1 1 0 
1 0 0 0 0 1 0 0 1 0 0 0 0 
1 1 0 1 1 0 1 1 0 1 0 0 1 
0 1 0 1 0 1 1 0 0 0 1 0 1 
1 1 0 0 0 1 0 0 0 1 1 1 1 
1 1 0 1 1 0 0 0 0 1 1 1 0 
1 0 1 1 1 0 0 0 1 1 0 0 1 
0 1 0 1 1 0 0 1 1 1 1 1 0 
1 1 1 0 0 0 0 1 0 1 0 1 0 
0 1 1 0 0 0 0 1 1 0 1 1 1 
0 0 1 1 0 0 1 0 1 0 1 0 1 
1 1 0 0 1 1 1 1 1 1 1 1 1 
0 1 1 1 1 0 1 0 0 1 0 1 1 
1 1 0 1 1 1 0 1 1 1 0 0 1 
1 1 1 1 0 0 1 0 0 1 1 1 1 
1 1 0 1 0 1 1 1 0 1 1 0 0 
0 0 1 0 1 1 1 1 0 1 1 1 0 
0 0 0 0 0 0 1 1 0 1 1 0 0 
1 0 0 1 0 0 1 1 0 0 0 1 1 
0 0 0 0 0 0 1 0 0 1 1 1 1 
0 0 0 0 0 1 1 0 1 0 1 1 0 
0 1 0 0 1 1 1 1 1 0 1 1 1 
1 0 1 0 1 1 1 1 0 0 0 1 0 
0 1 0 1 0 0 1 1 0 0 1 1 0 
0 0 1 1 0 0 0 0 0 1 1 1 0 
1 1 1 0 1 0 1 1 0 0 0 0 0 
1 0 0 0 1 1 0 1 0 1 0 1 1 
0 1 0 0 0 0 1 0 1 1 1 1 0 
0 1 1 0 0 0 0 1 0 0 0 1 0 
0 0 0 0 1 1 1 0 1 0 1 1 1 
1 1 0 1 1 1 0 1 0 1 1 0 0 
0 1 1 0 0 0 1 1 1 1 1 0 1 
1 0 0 0 0 0 1 1 1 1 0 0 0 
1 0 0 1 1 0 1 0 1 1 0 1 0 
1 1 0 1 0 0 1 1 0 1 0 1 1 
1 1 1 0 0 1 1 0 0 1 1 0 0 
1 1 1 1 0 1 1 1 0 0 1 1 1 
0 0 0 1 0 1 0 0 1 1 1 0 0 
0 1 1 1 0 0 1 0 0 0 0 0 0 
0 1 0 1 0 1 0 0 0 0 0 1 0 
1 0 0 1 0 1 0 1 0 1 0 1 1 
0 0 0 0 1 0 1 0 0 0 1 0 0 
0 1 1 0 1 0 0 1 1 1 0 0 1 
1 1 0 0 1 0 0 1 1 0 1 0 0 
0 1 0 1 0 0 0 1 1 0 1 0 0 
1 1 1 1 0 0 1 1 1 0 1 1 1 
1 1 1 1 0 1 0 1 1 0 0 0 0 
1 0 1 0 0 0 0 0 1 1 1 1 1 
1 0 0 1 0 1 0 0 1 0 0 1 1 
1 1 1 0 0 0 1 1 0 0 1 1 1 
1 0 1 0 1 0 1 0 1 1 1 1 1 
1 1 0 0 0 0 1 1 0 1 1 1 0 
1 1 1 1 0 0 0 1 0 0 0 0 0 
1 1 0 1 1 0 1 1 1 0 0 0 0 
1 1 0 1 1 0 1 0 1 0 1 1 0 
0 1 1 0 0 0 0 1 1 0 0 1 1 
0 0 0 0 1 1 1 1 1 0 1 1 0 
0 0 1 1 0 1 1 1 0 1 0 0 0 
0 1 1 1 0 0 1 0 0 0 0 0 1 
0 1 1 0 0 1 0 0 1 0 0 0 0 
1 0 1 0 0 1 0 1 1 0 1 1 1 
0 1 1 1 0 1 0 0 1 0 1 1 1 
1 1 1 1 1 1 0 0 0 1 1 0 1 
0 1 0 0 1 1 0 1 1 1 0 0 0 
1 0 1 1 0 0 1 0 0 1 1 1 1 
0 0 1 0 0 0 1 0 0 1 1 1 0 
1 0 0 0 1 1 0 1 0 0 1 1 0 
1 0 1 0 1 1 0 0 0 1 1 0 1 
1 0 1 0 0 0 0 1 0 1 0 1 0 
0 0 0 1 0 1 1 0 0 0 1 0 1 
0 1 1 0 1 1 1 0 0 0 0 0 0 
0 1 1 0 0 0 0 1 0 1 0 0 1 
194 7 7
1 1 0 1 0 0 0 
0 1 0 1 0 1 1 
0 1 1 0 1 1 0 
1 0 0 0 0 0 0 
0 0 0 1 0 1 1 
0 1 1 1 1 1 1 
1 1 0 0 0 0 1 
1 0 1 1 0 0 1 
0 1 0 0 0 1 1 
1 0 1 1 1 1 0 
1 0 1 1 0 1 1 
0 0 0 1 0 0 0 
0 0 1 0 1 1 1 
0 1 1 1 0 1 0 
1 0 1 0 1 1 0 
1 0 0 0 0 0 1 
0 1 0 0 0 0 0 
1 1 0 0 0 1 1 
0 0 0 1 1 1 1 
0 0 0 1 0 0 0 
0 1 1 0 0 1 1 
1 1 0 0 0 0 1 
1 1 1 0 1 0 1 
1 0 0 1 1 1 1 
0 1 0 1 1 1 0 
1 1 0 1 1 1 1 
1 1 1 1 1 0 0 
1 0 0 0 0 1 0 
1 0 0 0 1 1 1 
1 1 0 0 0 1 0 
0 1 1 0 1 1 1 
1 1 1 0 1 1 0 
0 1 0 1 1 1 0 
0 0 1 0 1 1 0 
1 1 0 1 0 1 1 
0 1 0 0 1 1 1 
1 1 0 0 0 1 1 
1 1 1 0 1 0 0 
0 1 0 0 1 0 1 
0 1 1 1 0 0 1 
0 1 1 0 1 0 0 
0 0 1 1 0 1 0 
0 0 1 0 1 1 0 
0 1 1 0 1 1 1 
0 1 0 1 1 1 0 
0 0 1 1 0 0 0 
1 0 0 0 1 0 1 
0 1 1 1 0 0 1 
1 1 0 1 0 0 0 
0 1 1 1 1 1 0 
0 1 0 1 0 1 1 
0 1 1 1 1 1 1 
1 0 0 0 0 0 0 
1 1 1 1 0 0 0 
1 1 1 0 0 1 0 
1 1 1 1 1 1 1 
0 0 0 0 0 1 0 
1 0 1 1 1 0 1 
1 1 0 0 1 0 0 
0 0 1 1 1 0 0 
0 0 0 1 0 0 1 
1 1 1 1 1 1 1 
1 0 0 0 1 1 1 
0 1 1 0 1 0 0 
0 0 1 0 1 0 0 
0 1 0 0 0 1 1 
0 0 1 1 0 1 0 
0 0 1 1 1 1 0 
0 0 0 0 1 0 1 
0 0 1 1 0 1 1 
0 0 0 1 1 0 0 
0 0 0 1 0 0 1 
0 0 0 0 0 0 0 
1 0 0 1 0 1 1 
0 0 0 1 0 1 0 
0 0 1 0 1 0 0 
0 1 1 1 1 0 1 
0 0 0 0 0 0 1 
1 0 1 1 0 0 0 
1 0 1 0 1 0 1 
0 1 1 1 0 1 0 
1 1 0 0 0 1 0 
0 0 1 0 0 0 0 
1 0 0 1 0 0 0 
0 1 0 1 1 0 0 
1 0 0 0 1 0 1 
0 0 0 1 1 1 1 
0 1 0 0 0 1 0 
1 1 1 0 0 1 1 
0 0 1 1 0 1 1 
0 1 0 1 0 1 1 
0 0 0 1 0 0 0 
1 1 1 0 0 1 0 
1 1 0 1 0 1 1 
0 0 1 0 1 1 0 
1 0 0 1 0 0 1 
1 1 0 0 0 1 0 
0 0 1 0 1 1 1 
1 0 0 1 0 0 0 
0 1 1 0 1 0 1 
1 0 1 0 1 1 0 
1 0 1 1 0 0 0 
1 1 1 0 0 0 0 
0 0 0 0 1 0 1 
0 0 1 1 0 1 1 
1 0 1 0 1 1 1 
1 1 1 0 1 1 1 
0 0 0 1 1 0 1 
0 1 1 1 0 0 1 
0 0 0 1 0 1 1 
0 1 1 0 1 1 1 
0 0 0 1 0 1 0 
1 1 1 0 1 1 1 
0 1 1 0 0 0 0 
0 1 0 1 1 1 0 
0 1 1 0 0 0 1 
0 1 0 0 1 0 0 
1 1 0 0 0 0 1 
0 1 0 0 1 0 1 
0 0 0 1 1 1 0 
1 1 1 0 0 0 0 
1 1 1 1 0 0 0 
1 1 1 1 0 1 0 
0 1 1 0 1 0 1 
1 0 1 0 0 1 1 
1 1 0 1 1 0 0 
1 1 0 1 1 1 0 
1 1 0 1 1 0 1 
1 0 0 0 0 0 1 
1 1 1 0 1 0 0 
0 1 0 0 1 0 0 
0 0 0 1 1 1 0 
1 0 0 0 1 1 0 
0 0 0 1 1 1 0 
0 1 1 1 0 0 1 
1 1 0 0 1 1 1 
1 1 0 1 0 0 0 
0 1 1 0 1 1 1 
0 0 0 0 1 1 0 
0 0 0 0 0 0 1 
0 1 1 1 0 0 0 
0 0 0 1 1 1 0 
1 1 1 1 1 1 0 
0 1 0 0 1 0 1 
1 0 1 1 1 1 0 
0 0 1 0 1 0 1 
1 1 1 1 0 1 1 
0 1 0 0 0 0 0 
1 1 0 1 0 1 0 
1 0 0 1 1 1 1 
0 1 1 0 1 0 0 
1 1 1 0 0 0 1 
0 1 1 1 0 1 1 
0 0 0 1 1 1 1 
0 0 1 1 0 1 1 
1 0 0 0 1 1 1 
0 0 1 0 1 1 1 
1 1 0 0 1 0 1 
1 0 0 0 0 1 1 
1 1 1 0 1 0 0 
1 0 1 1 1 0 0 
1 1 1 0 0 0 1 
0 0 1 1 1 1 0 
0 0 0 0 1 1 1 
1 0 1 0 0 1 1 
1 0 0 0 0 0 0 
1 0 0 0 1 0 1 
0 0 0 1 1 0 1 
1 0 1 0 0 0 0 
1 1 1 0 0 1 0 
0 1 1 1 1 1 1 
0 0 1 0 1 0 0 
1 0 1 0 0 0 0 
0 1 0 0 1 0 0 
1 0 0 0 0 0 0 
1 0 0 0 1 1 0 
0 1 0 1 0 1 1 
0 1 0 0 0 1 1 
0 1 0 1 0 0 0 
1 1 1 0 0 1 1 
1 0 1 1 1 0 1 
0 1 1 1 1 1 1 
0 0 0 1 1 1 0 
0 1 0 1 1 1 1 
1 1 0 1 0 1 1 
0 0 1 1 1 1 1 
0 0 0 0 1 1 0 
0 1 0 0 1 1 1 
0 1 1 0 1 0 0 
1 0 1 1 0 1 0 
1 0 0 0 1 0 0 
0 0 1 0 1 0 0 
0 1 1 1 1 0 0 
0 1 1 0 1 1 1 
51 12 11
0 1 1 0 1 0 1 0 1 1 0 0 
0 1 0 0 1 0 0 0 0 0 1 1 
1 0 1 1 0 0 0 1 1 0 0 1 
0 1 1 0 0 0 0 0 0 1 0 0 
1 1 0 0 1 0 1 1 1 1 0 1 
1 0 0 1 0 0 1 0 0 0 0 0 
1 0 0 1 0 0 1 1 1 0 0 1 
1 1 0 1 0 0 1 1 0 1 1 0 
0 0 0 1 0 1 0 1 1 0 0 0 
1 1 1 0 0 1 0 1 0 1 0 0 
1 1 0 1 0 1 0 0 0 1 0 0 
1 0 0 0 0 1 1 1 0 1 0 1 
0 1 1 1 1 1 0 1 0 0 0 0 
1 1 0 1 1 1 1 0 0 0 0 1 
1 1 0 0 0 0 0 0 0 1 0 1 
0 0 0 0 1 0 1 0 1 0 0 1 
0 1 1 0 0 0 1 0 1 0 1 0 
0 1 1 0 1 1 1 1 0 0 0 1 
0 0 1 0 1 0 1 1 0 0 0 0 
0 1 1 1 0 0 1 1 0 1 0 1 
0 0 0 0 1 1 0 1 0 1 0 0 
0 0 1 0 1 1 0 0 1 1 1 1 
0 1 1 1 1 0 0 1 0 1 1 1 
1 0 0 0 1 0 0 0 1 1 1 1 
0 0 1 0 0 0 1 0 0 1 0 0 
1 1 1 1 0 0 0 0 1 0 0 0 
1 1 1 1 1 1 1 0 0 1 1 0 
1 1 0 0 0 0 1 1 1 1 0 1 
1 0 0 1 0 0 0 0 0 0 1 1 
0 1 1 1 0 1 0 0 1 1 0 0 
1 0 0 0 1 0 1 1 1 0 0 1 
0 1 0 0 0 0 1 1 0 1 1 1 
1 1 1 0 1 1 0 0 0 1 0 1 
1 0 0 0 1 0 0 0 1 1 0 0 
0 0 1 1 1 0 1 0 0 1 0 0 
0 1 0 1 0 0 1 0 1 0 1 1 
1 1 1 0 0 0 1 1 0 0 0 1 
0 1 1 0 0 0 0 0 1 1 1 1 
0 0 1 1 0 1 0 0 1 1 1 1 
1 1 1 0 1 1 1 0 1 0 1 0 
0 1 0 0 1 1 1 0 1 0 0 1 
0 0 1 1 0 1 0 0 1 1 0 0 
0 0 0 0 0 0 1 0 0 0 0 0 
1 1 0 1 0 0 0 1 0 1 1 0 
1 0 0 1 1 0 0 1 0 1 1 1 
1 1 1 1 1 0 0 0 1 1 0 0 
0 0 1 0 1 1 0 1 0 0 1 0 
0 1 1 1 0 1 1 0 1 0 0 1 
1 0 1 1 0 1 1 0 1 1 1 0 
1 1 1 1 1 0 1 0 1 1 1 0 
1 1 1 1 0 0 0 0 0 0 0 0 
147 16 8
1 0 0 0 1 0 1 1 1 1 0 1 0 1 0 0 
0 0 1 1 0 1 1 1 1 1 1 1 0 0 1 0 
1 0 1 1 0 0 0 0 1 0 1 1 0 1 0 1 
0 0 0 0 0 0 0 1 0 1 0 1 1 0 0 1 
1 0 1 0 1 1 0 0 1 1 0 0 0 1 0 0 
0 1 1 0 0 0 0 0 1 0 1 0 1 1 1 0 
1 1 1 0 0 0 0 0 0 1 1 1 1 0 0 1 
0 0 0 1 0 0 1 0 1 1 0 0 1 0 1 1 
1 0 0 0 0 0 0 1 0 1 1 0 1 0 0 0 
0 1 1 1 0 1 0 1 1 0 0 1 0 1 0 0 
0 0 0 1 1 0 1 1 1 0 1 1 0 1 0 1 
1 0 1 0 0 0 0 0 0 0 0 1 1 1 1 1 
0 1 1 0 0 0 0 1 0 1 1 1 0 0 1 0 
0 0 1 0 0 0 1 1 0 1 1 0 0 0 0 0 
1 0 0 1 1 1 1 1 1 1 0 1 0 0 1 1 
1 0 0 1 0 0 0 0 1 0 0 1 1 0 1 1 
0 1 0 1 0 0 1 1 0 0 1 1 1 1 1 0 
0 0 0 0 0 0 1 1 1 0 1 0 0 0 0 0 
0 0 0 1 0 0 1 1 0 1 0 0 1 1 0 1 
1 0 1 1 1 1 1 0 0 1 0 0 1 0 0 0 
1 0 0 1 1 0 0 1 0 0 0 0 0 1 1 1 
1 1 1 1 0 0 1 1 1 1 0 0 0 0 1 1 
1 0 1 0 1 0 0 1 0 1 1 1 0 1 0 0 
0 1 0 1 0 0 1 0 0 1 0 0 1 0 1 0 
0 0 1 0 1 1 1 1 0 1 0 1 0 0 1 1 
0 1 0 1 1 0 0 1 1 1 0 0 1 1 1 0 
0 0 1 1 0 1 0 1 0 1 0 0 1 1 0 1 
0 0 1 1 1 1 0 0 0 0 1 0 1 1 0 0 
1 1 0 1 0 0 0 0 0 1 1 0 1 1 1 1 
0 1 1 0 1 0 0 0 0 1 0 0 1 1 0 1 
1 1 0 1 1 1 1 0 1 1 0 1 0 1 0 0 
1 1 0 1 0 0 1 1 1 1 1 1 1 1 0 1 
1 1 0 1 1 1 0 1 0 0 1 1 0 0 1 0 
0 1 0 0 1 0 1 1 1 1 0 1 0 0 0 1 
0 1 0 0 0 1 0 1 1 0 1 1 0 1 0 0 
0 0 1 0 0 0 1 0 0 0 0 1 0 1 1 0 
1 1 1 1 1 0 1 0 0 0 1 1 0 0 1 0 
1 0 1 1 1 1 0 0 0 1 1 1 1 1 0 0 
0 1 0 0 1 0 0 0 0 1 1 1 0 0 1 1 
1 0 1 1 0 0 0 0 0 1 1 0 0 1 1 0 
0 1 1 1 0 1 0 1 1 0 0 1 1 1 1 1 
0 1 0 0 1 0 0 1 1 0 0 0 1 0 1 0 
1 0 1 0 0 0 1 0 1 0 1 1 1 1 0 1 
0 0 0 0 1 0 1 1 0 1 1 1 0 1 1 0 
1 1 1 1 1 1 0 1 1 0 0 1 1 1 0 0 
1 0 0 1 1 0 1 1 1 1 0 0 0 0 0 0 
1 0 1 0 0 1 0 1 1 1 0 1 1 0 1 0 
1 0 1 1 0 1 0 1 0 1 0 1 1 0 0 1 
1 0 0 1 0 1 1 0 1 1 0 0 1 0 0 0 
1 1 1 1 1 1 1 1 0 0 0 1 0 0 1 1 
1 1 1 1 1 0 1 1 0 1 0 0 0 1 0 0 
0 0 1 1 0 1 1 1 1 1 1 1 1 1 0 1 
1 1 0 0 1 1 1 0 1 1 1 1 0 0 1 1 
0 0 1 0 1 1 1 1 1 1 1 1 0 0 0 1 
0 1 1 0 0 0 0 0 0 1 0 1 0 1 0 1 
1 1 0 1 0 0 0 1 1 1 0 0 0 0 1 0 
1 0 1 1 1 0 1 1 1 0 1 0 0 1 0 1 
0 0 1 0 0 1 0 1 1 1 0 1 1 0 0 0 
0 0 1 1 0 1 0 0 0 1 0 0 0 1 1 0 
1 0 0 1 0 1 1 0 0 0 1 1 0 0 0 1 
1 0 0 0 1 0 1 1 1 0 0 1 1 0 0 0 
0 0 0 1 0 1 0 0 0 0 1 1 1 1 1 0 
0 0 1 0 1 1 0 1 1 1 0 1 1 1 0 1 
0 1 0 1 0 1 0 0 1 1 1 1 0 1 0 0 
0 0 0 1 0 1 1 0 1 1 0 0 0 1 1 0 
1 1 0 1 1 0 1 1 0 0 0 0 0 0 0 1 
1 1 1 0 1 1 0 0 1 0 1 1 1 1 0 1 
1 1 0 0 1 0 0 1 1 0 1 0 1 1 1 0 
1 1 1 1 1 1 1 1 1 1 0 0 1 1 0 1 
1 1 1 0 0 1 0 0 0 1 0 1 1 1 1 1 
1 0 1 0 1 0 0 1 0 1 0 0 1 0 1 0 
1 0 0 1 0 0 1 1 0 0 0 1 1 0 1 0 
0 0 1 1 1 0 1 1 0 1 1 0 0 1 1 1 
0 0 0 1 0 0 0 1 0 1 1 0 1 0 0 1 
0 0 0 0 1 0 0 0 1 0 1 1 1 1 1 0 
0 0 0 0 1 1 0 0 1 1 0 0 1 0 1 0 
1 0 1 1 1 0 1 0 0 1 1 0 1 1 0 1 
1 1 0 0 1 1 1 1 1 0 0 1 0 0 1 1 
0 1 0 0 1 1 0 0 1 1 0 1 1 0 1 1 
0 0 0 1 0 1 1 0 0 1 1 1 0 1 0 0 
1 1 0 0 1 0 0 0 0 0 1 1 0 1 1 0 
1 0 1 0 0 1 1 1 0 1 0 0 0 1 0 1 
0 1 1 1 1 0 0 0 0 1 0 0 0 1 0 1 
1 1 0 1 0 0 0 0 1 1 1 1 0 0 0 0 
0 0 0 0 0 0 0 0 0 0 0 1 1 1 0 0 
0 0 1 1 0 0 1 1 0 0 1 0 0 1 1 0 
1 1 0 1 1 1 1 0 0 1 0 0 1 1 0 0 
0 1 1 1 0 1 1 0 1 0 1 1 1 1 1 1 
1 1 1 1 0 1 0 0 0 1 0 0 1 0 1 1 
0 1 1 1 1 0 0 0 0 0 1 0 1 0 1 1 
1 0 0 0 1 1 1 1 0 1 0 1 1 1 1 1 
0 0 1 1 0 0 0 1 1 1 0 1 1 0 0 0 
1 1 0 1 1 1 1 1 0 1 1 0 1 1 1 0 
0 0 0 0 1 1 0 0 1 0 1 1 1 0 0 0 
1 0 1 0 0 1 0 1 1 1 0 1 0 1 0 0 
0 1 1 1 0 1 1 0 0 0 0 1 1 0 0 0 
0 0 0 0 0 0 1 0 0 0 0 1 1 0 0 0 
1 0 0 0 0 1 1 1 0 0 0 1 0 1 1 1 
1 1 0 1 0 1 1 0 1 0 1 0 0 1 0 0 
0 1 0 0 1 1 1 1 1 1 1 0 0 0 1 1 
0 0 1 0 0 1 0 1 0 0 1 1 1 0 0 1 
1 0 0 1 1 0 0 0 1 0 0 0 1 0 1 1 
1 0 0 1 0 1 1 0 0 1 0 0 1 0 1 1 
0 0 0 1 0 1 0 0 1 0 0 1 1 0 1 1 
0 0 1 0 1 1 1 0 1 0 0 1 0 0 0 1 
1 1 0 0 1 1 0 0 0 1 1 1 1 0 0 1 
0 1 1 1 1 0 0 1 1 0 1 0 0 1 1 1 
1 0 1 0 1 1 1 1 1 0 0 0 0 1 1 1 
1 1 1 0 1 1 1 0 1 0 1 1 0 0 1 1 
1 0 0 1 0 0 1 1 0 0 0 0 0 1 0 1 
1 1 1 1 1 1 0 1 1 1 0 1 0 0 1 0 
1 0 0 1 0 1 0 1 1 0 1 1 1 1 0 1 
1 0 1 0 1 1 0 0 1 1 0 1 0 0 1 0 
1 1 1 1 1 0 1 1 1 1 1 0 0 1 1 0 
1 1 0 0 0 0 0 1 0 1 0 1 1 1 1 0 
1 1 1 1 0 0 1 1 0 0 0 1 1 0 0 0 
0 1 0 1 0 1 0 0 1 1 1 0 1 0 1 0 
0 1 0 1 0 0 1 1 0 0 0 0 0 1 0 0 
0 1 1 1 1 1 1 1 0 1 0 0 1 1 1 1 
0 0 0 1 0 1 0 1 0 0 1 1 0 1 0 1 
1 0 1 0 0 1 1 0 1 0 1 1 1 1 1 1 
1 1 1 1 1 0 0 0 0 1 1 0 1 1 0 1 
0 1 1 0 0 1 1 1 0 1 0 1 1 1 1 0 
0 0 1 1 0 0 1 0 1 1 0 1 1 1 0 0 
1 1 1 1 0 0 0 1 1 0 0 0 0 0 1 0 
0 1 0 1 0 0 0 0 1 1 0 0 1 0 0 0 
1 0 0 1 0 1 1 0 1 1 0 1 0 1 1 1 
1 0 0 1 0 1 0 1 0 0 1 0 0 1 0 1 
0 1 1 1 0 1 0 1 1 1 1 0 1 0 1 0 
1 1 0 1 1 1 1 1 1 1 1 0 0 1 0 0 
0 1 1 1 0 1 1 1 1 0 1 0 0 1 1 0 
1 1 1 0 1 1 0 0 0 1 0 0 1 1 1 1 
0 1 0 0 0 0 0 1 1 1 0 0 1 1 1 1 
1 0 0 0 0 1 0 0 1 0 1 1 1 0 0 1 
0 0 0 1 1 1 1 0 0 1 0 0 0 0 0 0 
1 1 1 1 0 1 1 1 1 1 1 1 0 1 0 0 
0 1 1 0 1 0 0 0 0 1 1 0 0 1 1 1 
1 0 1 1 0 0 0 0 0 0 1 0 1 1 1 1 
1 1 1 1 0 0 0 0 1 0 1 0 1 1 1 0 
0 1 0 0 1 1 0 1 0 0 1 0 1 1 1 0 
1 0 0 0 0 0 0 1 0 1 0 0 0 1 0 1 
1 1 0 0 1 0 1 1 0 1 1 0 0 1 1 0 
0 1 0 1 0 1 1 1 1 1 0 0 0 0 0 0 
0 1 1 0 0 0 1 0 1 0 0 0 0 0 0 1 
1 0 1 1 1 1 1 1 0 0 1 0 0 1 0 0 
1 1 0 0 0 1 1 1 1 0 1 1 1 1 1 0 
1 1 1 0 0 0 1 1 0 1 0 1 0 0 1 1 
19 18 6
1 0 0 0 0 0 0 0 1 0 1 0 1 0 1 1 1 0 
0 1 1 0 0 0 1 0 0 1 0 0 0 0 0 1 1 1 
1 1 1 0 1 0 1 1 1 0 1 0 0 0 1 0 0 0 
1 0 0 0 1 1 0 1 0 0 1 1 1 1 1 0 1 0 
1 1 0 0 0 1 1 1 0 1 0 1 0 0 1 0 0 1 
0 0 1 1 0 0 0 0 1 0 0 1 1 0 1 1 1 1 
0 1 1 0 1 0 1 0 0 0 1 0 1 0 1 1 1 1 
1 0 1 0 0 0 1 0 0 1 1 0 0 0 1 0 0 1 
0 0 1 0 0 0 1 1 1 0 1 0 0 1 0 1 0 1 
1 0 1 0 1 0 1 1 0 1 1 0 0 1 1 1 1 1 
1 1 1 0 0 1 1 1 0 0 0 0 0 0 0 1 0 1 
0 1 0 0 1 0 0 0 0 1 1 1 0 0 1 0 0 0 
1 0 1 1 0 1 0 1 0 0 0 1 1 1 1 1 0 1 
0 1 0 1 0 0 0 1 1 0 0 1 0 1 0 1 0 1 
1 1 1 0 0 1 0 1 1 1 0 1 1 1 1 1 0 0 
0 0 1 1 1 1 0 0 0 1 0 0 0 0 1 0 1 0 
1 1 1 0 1 0 1 1 0 1 1 1 0 1 1 1 0 1 
1 0 1 0 1 0 0 0 0 0 1 0 1 0 1 1 1 0 
0 0 1 1 1 1 1 0 0 1 0 1 1 0 1 0 0 1 
157 5 1
1 0 0 1 1 
0 1 0 1 0 
0 0 1 0 0 
0 1 1 0 0 
0 1 0 0 0 
0 1 0 1 0 
1 0 1 1 0 
1 1 1 0 0 
1 0 1 0 0 
1 1 1 0 0 
0 0 0 0 0 
1 0 0 1 1 
1 0 1 1 0 
0 0 1 0 1 
1 1 0 1 1 
0 1 0 1 1 
0 0 0 0 0 
0 0 1 0 1 
1 0 1 1 0 
0 1 0 0 1 
0 1 0 0 0 
0 0 0 0 1 
0 0 1 1 0 
0 0 1 1 1 
0 0 1 1 1 
1 0 1 1 0 
1 0 0 0 0 
1 1 1 1 1 
0 0 1 0 1 
0 0 0 0 0 
0 1 1 0 1 
0 0 1 0 1 
0 0 1 0 1 
1 0 1 0 1 
1 0 1 1 1 
0 1 1 1 1 
0 0 1 0 1 
1 1 1 1 1 
1 0 0 1 0 
0 1 1 0 1 
0 0 1 0 1 
1 0 0 0 0 
1 1 1 0 1 
0 1 1 0 0 
0 1 0 0 1 
1 1 1 0 0 
1 1 1 0 0 
0 1 1 1 0 
0 1 0 0 0 
1 1 1 1 1 
0 1 1 0 1 
1 0 1 1 1 
1 1 0 1 1 
0 0 0 1 0 
0 0 1 1 1 
0 1 1 1 1 
1 1 0 1 0 
1 0 1 0 1 
0 0 0 1 1 
1 0 1 1 0 
0 0 0 0 1 
0 1 1 0 1 
1 0 0 0 1 
0 1 0 0 0 
0 0 1 0 1 
1 1 1 1 1 
0 1 0 0 1 
0 1 1 0 1 
1 1 0 0 0 
1 0 1 1 1 
0 0 1 1 1 
1 1 0 1 0 
0 0 0 1 1 
1 0 0 1 0 
1 0 1 0 1 
0 1 1 1 1 
1 1 1 1 0 
0 0 0 0 1 
1 1 1 1 1 
0 0 0 0 1 
1 0 0 1 0 
0 0 0 1 1 
0 0 1 0 1 
0 0 0 1 0 
0 1 0 0 1 
0 0 0 1 0 
1 1 0 0 0 
1 0 0 0 1 
1 0 1 0 1 
1 0 1 0 1 
1 1 0 0 1 
0 0 0 0 1 
0 1 0 0 1 
1 0 0 0 1 
0 0 0 1 0 
0 0 1 0 0 
1 0 0 0 0 
1 0 1 1 0 
1 1 0 0 0 
0 0 0 0 1 
1 1 0 1 0 
1 1 1 0 1 
1 1 1 1 0 
1 1 1 1 1 
0 1 0 0 1 
1 0 1 1 0 
1 0 1 1 1 
0 1 0 1 1 
1 0 1 0 0 
1 0 0 1 1 
1 0 1 0 1 
1 1 1 0 1 
1 0 0 1 0 
1 0 1 1 1 
1 1 0 1 0 
1 1 1 1 1 
0 0 1 0 1 
0 1 0 1 0 
0 0 0 0 0 
0 1 0 1 0 
1 0 0 1 1 
1 0 0 0 0 
0 0 1 1 0 
0 0 0 1 1 
0 1 1 0 0 
1 1 0 0 0 
1 0 0 1 0 
1 0 0 1 0 
1 1 1 1 0 
1 0 0 1 0 
1 0 0 1 0 
0 1 0 1 1 
1 0 1 1 0 
0 1 1 0 1 
0 1 1 0 0 
1 1 0 1 1 
0 1 0 1 1 
1 1 0 0 0 
1 0 0 1 1 
1 1 1 0 1 
0 0 0 1 0 
0 1 0 1 1 
1 0 1 0 1 
0 0 0 1 1 
0 0 0 0 0 
0 0 1 1 1 
0 1 0 1 0 
0 1 1 1 1 
1 0 0 1 1 
0 0 1 1 0 
1 0 0 1 0 
1 0 0 0 1 
1 0 0 1 0 
1 0 0 0 1 
0 1 1 0 0 
0 0 0 0 0 
0 0 1 1 1 
111 3 1
0 0 1 
1 1 0 
1 1 0 
1 1 1 
1 1 0 
0 1 1 
1 1 0 
1 0 1 
1 1 0 
0 0 1 
1 0 0 
1 1 1 
1 1 1 
0 0 1 
1 1 1 
0 0 0 
1 0 1 
0 0 0 
0 1 1 
0 1 0 
1 1 1 
0 0 1 
1 0 0 
0 0 0 
1 1 0 
0 0 1 
0 0 1 
0 0 0 
0 1 1 
0 0 1 
0 0 0 
0 1 1 
1 1 1 
0 1 0 
1 0 0 
0 0 0 
0 1 1 
1 0 1 
1 0 0 
1 1 0 
0 0 0 
0 1 0 
0 1 0 
0 1 1 
0 0 1 
1 1 0 
0 0 0 
0 0 1 
1 0 1 
0 1 0 
1 1 0 
1 0 1 
1 0 0 
1 1 1 
0 0 1 
1 0 0 
0 0 0 
0 0 0 
1 1 0 
1 1 1 
1 1 0 
1 1 0 
0 1 0 
1 1 1 
0 1 1 
1 0 1 
1 0 0 
0 0 1 
0 0 1 
1 1 1 
1 1 1 
0 0 1 
1 0 0 
0 1 1 
0 1 1 
1 0 0 
1 0 1 
1 1 0 
1 0 1 
0 1 1 
0 0 0 
0 1 0 
0 0 0 
1 1 0 
1 0 0 
1 0 0 
0 1 0 
1 0 0 
1 0 0 
0 0 1 
0 1 0 
1 0 0 
1 0 0 
0 1 0 
0 1 1 
1 0 1 
0 0 0 
0 1 0 
0 0 1 
0 1 0 
1 0 0 
1 0 1 
1 1 0 
0 1 0 
0 1 0 
1 1 0 
1 1 0 
0 0 0 
0 0 0 
1 1 1 
0 0 0 
99 10 2
0 1 1 0 0 1 0 0 1 0 
0 1 1 0 1 1 0 1 1 0 
1 0 1 0 1 1 0 1 1 0 
0 1 0 0 1 1 0 1 1 0 
1 0 0 1 1 1 0 1 0 0 
0 0 0 1 0 1 0 1 1 0 
0 0 0 0 0 0 1 1 0 1 
1 0 0 0 0 0 1 1 1 0 
1 1 1 1 0 0 0 0 1 1 
1 1 1 1 0 0 1 0 1 1 
0 1 1 0 0 0 1 1 1 1 
1 0 1 0 0 1 0 1 1 0 
0 0 0 1 0 1 0 0 1 0 
0 1 1 0 1 0 0 0 0 0 
1 0 0 0 0 1 0 0 0 1 
1 1 1 0 1 0 1 0 0 1 
0 0 1 1 1 1 1 0 0 1 
1 1 1 0 1 1 1 0 0 0 
0 0 1 0 0 1 1 0 0 1 
0 1 1 1 0 1 0 1 1 1 
1 1 1 0 1 1 1 1 0 0 
1 1 1 1 0 1 1 0 0 0 
1 1 0 0 1 0 0 1 1 1 
0 1 1 1 1 1 0 0 0 0 
0 1 0 1 1 0 0 1 1 1 
0 0 1 0 0 1 0 0 0 0 
0 1 0 1 0 0 1 1 1 1 
1 1 1 0 1 1 0 0 0 0 
1 1 1 1 1 0 1 1 0 0 
0 1 1 0 1 0 1 1 1 0 
1 1 1 1 1 0 0 1 1 0 
1 0 1 0 0 1 1 0 0 0 
0 0 0 0 1 1 0 0 0 1 
0 1 0 1 0 0 1 0 0 0 
0 0 1 1 1 1 1 1 1 1 
0 1 0 0 1 0 1 1 0 1 
1 0 0 0 0 0 1 1 1 1 
0 1 1 1 1 1 0 0 0 1 
0 1 1 0 0 0 0 1 1 0 
1 0 1 1 1 0 0 1 0 0 
1 0 0 0 1 1 0 1 0 1 
0 1 0 1 0 1 0 1 0 1 
1 0 1 0 0 0 1 1 0 0 
0 1 0 0 1 1 0 1 0 0 
1 0 0 1 1 1 1 0 1 1 
0 0 1 1 1 1 0 0 1 1 
0 0 0 0 0 1 0 0 1 1 
0 0 0 1 0 1 1 1 1 1 
0 0 0 0 1 1 1 0 0 1 
1 1 1 1 0 1 1 0 1 1 
0 0 1 0 1 1 0 0 1 1 
1 0 1 0 0 0 0 1 1 1 
1 0 0 1 0 0 1 0 0 1 
1 1 1 1 1 0 0 1 1 1 
0 1 1 1 0 0 1 0 1 1 
1 0 1 0 1 0 1 1 1 0 
0 1 0 0 1 1 0 0 0 1 
1 0 0 0 0 1 1 0 0 1 
0 0 0 1 0 0 1 1 1 1 
1 1 1 0 1 0 0 1 1 0 
0 0 0 0 1 0 0 0 0 1 
1 0 1 0 1 0 1 1 0 0 
1 1 0 0 1 0 1 1 0 1 
1 0 1 0 0 1 1 0 0 1 
0 1 1 1 1 1 0 1 0 1 
0 0 0 0 1 0 0 1 0 1 
0 0 1 0 0 1 0 1 1 1 
1 1 0 1 1 0 0 0 1 1 
1 1 1 0 0 1 0 1 0 0 
1 0 1 0 1 1 0 1 1 0 
0 1 1 0 0 0 1 1 0 0 
0 0 0 1 1 1 0 0 1 1 
1 1 1 0 0 0 0 1 0 0 
1 0 0 0 1 0 0 1 0 0 
0 1 0 1 0 1 0 0 0 0 
1 0 1 0 0 1 0 0 1 1 
1 1 1 0 1 0 0 0 1 1 
1 0 1 1 1 1 1 0 1 1 
0 0 1 0 1 1 0 1 0 1 
0 0 0 0 0 0 1 1 0 1 
0 1 0 0 0 1 1 0 1 1 
1 1 1 1 0 0 0 1 1 1 
1 0 0 0 1 0 0 1 0 0 
0 1 0 0 0 0 1 1 1 0 
1 0 1 0 1 0 0 0 1 1 
0 1 0 1 1 1 0 0 0 0 
1 1 1 1 1 0 0 1 0 0 
0 1 0 1 1 0 0 0 0 0 
0 0 1 0 0 1 0 0 1 0 
0 1 1 1 1 1 1 0 0 1 
1 1 0 1 0 1 0 1 1 0 
1 1 1 1 0 1 1 0 1 0 
1 0 1 0 0 0 0 1 0 0 
0 0 0 1 1 1 1 0 0 1 
0 1 1 1 1 0 0 0 1 1 
1 1 1 0 0 1 0 0 1 1 
0 0 1 0 1 1 0 0 0 1 
0 0 1 0 0 0 1 1 1 1 
0 0 1 0 1 0 1 0 0 0 
156 14 12
1 0 1 0 0 1 0 1 0 1 0 1 1 1 
0 0 1 0 1 1 0 1 1 1 1 1 1 0 
1 1 1 1 0 0 0 1 1 0 0 0 1 1 
1 0 1 1 0 1 0 0 1 1 0 0 0 1 
0 0 0 0 1 1 1 1 1 1 1 0 0 1 
0 0 1 1 1 1 1 1 0 1 1 1 1 0 
1 1 1 0 1 1 0 1 0 0 1 0 0 1 
1 0 0 1 0 1 1 1 1 0 0 1 0 1 
1 0 0 0 0 1 0 1 1 1 1 1 1 1 
0 0 0 0 1 0 0 1 0 1 1 0 1 1 
1 1 1 0 1 0 0 1 0 0 1 1 0 0 
1 1 0 0 0 1 1 0 1 1 1 1 0 1 
1 1 1 1 1 1 1 1 0 0 1 0 0 0 
0 1 0 1 0 1 0 0 1 0 0 1 1 1 
0 1 1 1 0 0 1 0 1 1 0 0 0 0 
1 1 0 0 1 0 1 1 0 1 0 1 1 1 
0 1 1 1 0 1 1 0 0 0 1 1 1 1 
0 1 0 0 0 0 1 1 1 1 1 1 1 0 
1 0 0 0 0 0 1 1 0 1 1 0 0 0 
0 0 0 1 1 0 0 1 0 0 0 1 0 1 
1 1 1 0 0 0 0 0 1 0 0 1 0 0 
0 1 1 0 1 1 0 1 0 0 1 0 0 1 
0 1 1 1 1 1 1 1 0 1 1 1 0 0 
0 0 1 1 0 0 0 1 0 1 0 1 0 1 
1 0 0 0 0 0 1 1 0 0 1 0 0 1 
0 1 0 1 0 0 1 0 1 1 0 1 0 0 
0 0 1 1 1 1 1 0 1 0 1 1 1 1 
0 0 0 1 1 1 1 0 0 1 1 1 1 0 
0 1 1 0 1 1 0 1 0 1 0 0 0 0 
0 1 0 0 1 0 1 1 0 1 0 1 1 1 
1 1 0 0 1 0 1 0 0 1 1 0 0 0 
1 0 1 1 0 0 1 0 0 0 1 1 1 0 
0 0 1 1 0 1 1 1 1 0 0 0 1 0 
0 0 1 0 0 0 1 1 0 1 0 0 1 0 
0 1 0 0 0 0 0 0 1 1 0 1 1 0 
0 0 1 0 1 1 0 1 0 0 1 1 1 0 
1 0 1 0 1 0 1 1 1 0 1 0 0 0 
0 1 0 1 1 1 0 0 0 0 1 1 0 1 
0 0 1 1 1 1 1 0 1 0 0 0 0 1 
0 1 0 1 1 0 1 1 1 1 0 1 1 1 
1 0 0 0 1 0 1 0 1 0 1 1 0 0 
1 1 0 0 0 1 1 1 0 0 1 0 1 1 
0 0 1 0 1 0 1 0 1 1 1 0 1 1 
0 1 0 1 0 0 0 1 1 1 0 0 1 1 
1 0 1 1 0 0 0 1 0 0 1 1 1 0 
1 0 0 0 0 0 0 0 0 0 0 0 0 1 
1 0 0 0 0 1 1 1 0 1 1 1 1 1 
0 0 0 0 0 1 0 0 1 0 0 1 1 0 
1 0 1 1 1 0 0 1 0 1 1 0 0 1 
1 1 1 0 0 1 1 0 0 0 1 0 1 0 
1 0 1 0 1 0 0 0 1 1 1 0 0 0 
1 0 1 1 0 1 1 1 1 0 0 0 0 0 
1 1 0 0 0 1 0 0 0 0 1 1 1 0 
0 1 0 0 1 1 1 0 0 1 0 0 1 0 
0 0 0 0 0 0 0 0 0 0 0 0 1 1 
0 0 1 1 1 1 0 1 1 0 1 0 1 1 
0 0 0 1 0 0 1 1 1 1 1 1 0 1 
1 0 1 1 0 1 0 0 1 0 1 1 0 0 
1 1 1 0 0 0 0 1 1 0 1 0 0 0 
1 0 1 0 1 1 0 1 1 1 0 1 0 0 
0 0 1 1 0 0 1 1 1 0 0 0 0 0 
0 1 0 0 1 1 0 1 1 0 1 0 0 0 
0 0 0 0 1 0 0 1 1 1 1 0 0 1 
0 1 0 0 0 0 0 0 1 0 1 0 1 1 
0 0 1 0 1 1 0 1 0 0 0 0 1 0 
0 1 0 0 1 1 0 0 1 1 0 0 1 0 
1 0 1 0 0 0 1 1 0 0 1 1 0 1 
1 0 1 1 0 0 0 0 0 0 0 0 0 1 
0 1 1 1 0 0 1 1 1 1 0 0 0 1 
1 0 1 0 1 0 0 1 0 1 1 1 1 0 
1 0 0 1 0 0 1 1 0 1 1 1 0 0 
0 0 0 0 1 1 0 1 0 1 1 1 0 1 
1 1 0 0 1 0 1 1 0 1 1 0 1 1 
1 1 0 1 0 1 1 0 1 0 1 0 1 1 
0 1 0 1 1 1 0 0 0 0 0 1 1 1 
1 1 1 0 1 1 0 0 0 1 0 0 0 1 
0 0 0 0 0 0 1 1 1 0 1 0 1 1 
1 1 0 1 0 1 1 1 1 1 1 0 1 0 
1 1 0 1 0 0 0 1 0 1 1 1 1 1 
0 1 1 0 0 0 1 1 0 0 0 1 1 1 
1 0 1 1 1 1 1 0 0 0 1 0 1 0 
1 0 0 0 1 1 0 1 1 1 1 1 1 0 
1 0 0 0 1 0 1 0 0 0 1 0 0 1 
0 1 0 0 0 0 1 0 1 0 0 1 0 1 
0 0 0 1 0 1 0 0 1 1 1 1 0 1 
1 0 0 0 1 1 0 1 0 1 0 1 0 1 
0 1 1 1 0 1 1 0 0 1 1 1 1 0 
1 1 1 1 1 0 1 1 0 0 0 0 1 0 
1 0 0 0 0 1 1 0 1 1 0 0 0 0 
1 0 0 1 1 1 1 1 1 1 1 1 1 0 
0 0 1 1 1 0 1 1 1 0 0 1 1 1 
1 1 1 1 0 0 1 1 1 1 1 1 0 1 
1 1 0 0 1 1 0 1 0 1 0 1 0 0 
1 1 1 1 1 1 0 1 0 1 1 1 0 1 
0 1 0 0 0 1 0 1 1 0 0 0 1 0 
1 1 0 0 1 1 1 1 0 0 0 0 1 1 
1 1 0 0 1 1 1 1 1 0 1 0 0 0 
1 0 0 1 1 1 0 1 0 1 0 0 1 1 
0 1 0 1 1 0 0 0 0 1 1 0 1 1 
1 0 1 1 0 0 1 1 1 1 1 1 0 1 
1 1 0 0 0 1 1 1 1 0 0 1 0 1 
0 1 1 0 1 0 1 1 1 0 0 1 1 0 
0 1 0 1 0 0 0 1 1 0 0 1 0 0 
1 1 0 1 0 1 0 1 1 1 0 1 0 0 
1 1 0 0 1 0 1 0 1 0 0 1 0 0 
0 1 0 1 1 1 1 1 1 0 0 1 1 0 
0 0 1 1 1 0 1 1 1 0 1 1 1 0 
0 0 0 0 1 0 0 1 0 0 0 1 0 0 
0 1 1 0 0 1 0 1 1 1 1 1 0 0 
1 0 1 0 0 1 0 1 1 1 1 1 1 0 
0 0 1 0 1 0 0 1 0 1 1 0 1 0 
1 1 0 0 1 1 1 1 1 0 1 0 0 1 
1 1 0 1 0 1 0 1 0 0 0 1 1 0 
0 1 0 0 1 1 0 1 1 0 1 0 1 1 
0 0 1 1 0 0 0 1 0 1 1 1 0 0 
1 0 1 0 1 1 0 0 0 1 1 0 1 0 
0 1 1 1 0 1 0 0 1 1 1 1 1 0 
0 0 0 1 0 1 0 0 1 0 1 0 0 1 
1 1 1 0 0 0 1 0 0 1 0 1 0 1 
0 0 0 0 1 0 1 1 1 1 1 1 0 0 
0 0 1 1 0 1 1 1 0 0 0 1 0 1 
1 1 0 0 1 1 0 0 0 1 1 1 0 0 
1 1 1 1 0 1 1 0 1 1 1 0 1 0 
0 0 1 0 0 1 0 0 0 1 0 1 1 1 
1 1 1 0 0 1 1 1 1 0 0 1 0 1 
1 0 0 1 1 1 0 0 0 1 0 1 1 1 
1 0 0 0 1 0 0 1 0 0 0 1 0 0 
0 1 0 1 0 0 0 0 1 1 0 0 0 1 
0 1 0 0 0 1 0 0 1 0 1 0 0 0 
0 0 1 0 1 0 1 1 0 1 1 1 1 0 
0 1 1 0 0 0 0 1 1 0 1 1 0 0 
0 1 0 0 0 0 0 0 1 0 1 1 0 0 
0 0 1 0 1 1 1 0 0 1 1 1 1 1 
1 1 1 1 0 0 1 1 0 1 0 0 1 0 
0 1 1 1 1 0 0 0 0 1 1 1 1 1 
0 0 0 0 0 1 1 1 1 0 0 1 1 0 
1 1 1 0 0 1 0 0 0 0 1 1 1 1 
1 0 1 1 1 0 0 1 0 0 1 1 1 0 
0 1 1 1 1 0 0 0 0 1 0 1 0 0 
0 1 1 0 0 0 1 1 1 0 0 0 0 0 
1 0 0 0 0 1 1 0 0 1 1 1 1 1 
1 1 0 1 1 0 1 1 0 1 1 1 0 0 
1 1 1 1 1 1 0 0 0 0 1 0 1 1 
1 1 1 0 0 1 1 0 0 0 0 0 0 0 
1 0 0 0 0 0 1 0 1 0 1 1 1 1 
1 0 0 1 1 1 1 1 0 1 0 1 1 1 
1 0 0 0 0 1 0 1 0 0 1 1 0 1 
1 1 1 0 1 1 0 1 1 1 1 1 1 1 
1 1 1 0 1 0 1 0 1 1 0 1 1 0 
1 0 1 1 0 0 1 0 1 0 1 0 0 1 
1 0 0 1 0 1 1 0 1 0 1 0 0 1 
1 0 1 1 1 0 1 1 1 0 1 1 0 0 
0 1 1 0 0 1 1 0 0 1 1 1 0 0 
1 1 1 1 1 1 0 1 1 1 1 1 0 0 
0 0 0 0 0 0 0 0 1 0 0 1 1 0 
0 1 1 0 1 1 1 1 1 1 1 0 1 1 
26 19 10
1 1 0 0 1 0 1 0 1 0 0 0 1 0 0 0 0 0 0 
0 0 0 0 1 0 0 1 1 1 1 1 0 1 1 0 1 0 1 
1 1 0 0 0 1 1 0 0 1 1 0 0 0 1 1 1 1 0 
1 1 1 1 0 0 0 0 1 0 1 1 1 1 1 0 1 0 0 
0 0 1 1 0 0 0 1 0 1 0 0 1 0 1 0 0 0 0 
0 0 1 0 0 0 1 0 0 1 1 1 1 1 1 1 0 1 1 
0 1 1 1 0 1 1 0 1 0 0 0 0 1 0 0 1 1 1 
1 0 1 1 1 1 1 1 1 1 0 0 0 0 0 1 0 1 0 
1 1 1 0 1 1 0 0 0 1 0 1 1 0 0 0 0 0 1 
0 1 1 1 0 1 1 0 1 0 1 0 0 0 0 1 1 0 0 
1 1 0 1 0 0 0 0 1 0 0 1 0 0 1 1 0 0 1 
1 0 0 0 1 0 1 0 1 1 1 1 0 0 1 1 1 1 1 
0 0 1 0 0 1 0 1 1 1 1 1 1 0 0 0 0 0 1 
0 1 1 1 0 0 0 1 0 0 0 0 0 0 1 1 0 1 0 
0 1 1 0 0 0 0 1 1 1 0 1 0 1 0 1 1 1 0 
1 0 0 1 1 0 1 1 0 1 0 1 0 1 1 0 1 0 1 
0 0 0 0 1 1 0 1 1 0 1 1 1 1 0 1 0 1 1 
0 1 0 0 0 0 0 1 0 1 1 0 0 1 0 0 1 1 1 
0 1 0 1 1 0 1 1 0 1 1 1 1 1 0 1 1 0 0 
0 0 0 0 1 0 0 0 0 1 0 0 0 0 1 0 1 0 1 
1 0 1 0 1 1 1 0 1 0 0 0 0 1 1 0 1 1 1 
0 1 1 1 0 1 1 0 0 1 1 1 0 0 1 0 1 1 0 
0 1 0 0 1 0 1 0 0 0 0 1 0 0 0 0 1 1 0 
1 1 0 0 1 1 1 0 1 1 0 0 1 1 0 1 0 1 1 
1 0 1 0 0 0 1 1 0 1 0 0 1 1 0 0 1 0 0 
0 1 1 0 0 1 1 0 1 0 1 0 1 0 0 0 0 0 0 
42 10 4
1 0 1 1 0 1 0 0 1 0 
1 1 0 0 0 0 1 1 1 0 
0 0 0 0 0 0 0 1 0 0 
0 0 0 0 1 1 0 1 1 0 
1 0 0 0 0 0 0 1 0 0 
0 0 0 1 0 0 1 1 0 0 
1 1 0 1 1 1 0 1 0 1 
0 1 1 1 0 0 0 0 0 0 
1 1 0 0 0 0 1 0 1 0 
1 0 0 1 1 0 0 1 0 1 
1 1 0 1 0 0 1 1 0 1 
0 1 0 0 1 0 1 0 1 0 
1 0 1 0 0 0 1 0 0 1 
1 1 0 0 0 1 1 1 0 1 
0 0 0 1 0 1 1 0 1 1 
0 1 1 0 1 1 1 1 0 1 
0 0 1 1 0 1 0 1 1 0 
0 0 1 1 1 1 1 0 1 1 
1 1 0 0 0 0 0 0 0 0 
1 1 0 0 1 0 0 0 1 1 
1 1 1 0 0 0 1 0 0 1 
0 0 0 0 0 1 1 0 0 1 
1 0 0 1 1 0 1 1 1 0 
1 0 1 0 1 0 0 0 1 0 
1 1 0 1 1 0 0 0 0 0 
1 0 0 0 0 1 1 1 0 0 
1 1 1 0 0 1 0 1 0 1 
1 1 1 1 0 0 1 1 0 1 
0 0 0 1 0 0 0 1 1 1 
0 1 1 0 1 0 1 1 0 1 
0 1 0 0 1 0 0 1 1 1 
0 0 1 0 0 1 0 1 0 0 
1 0 0 0 0 0 0 0 1 1 
0 0 0 0 0 0 1 0 0 0 
0 0 0 1 0 1 1 1 1 0 
0 1 0 1 0 0 1 1 1 0 
1 0 1 1 0 1 0 0 0 1 
0 0 0 0 0 0 1 0 0 1 
0 1 0 0 1 1 0 0 1 0 
0 1 1 0 1 0 1 0 0 0 
0 0 0 0 0 1 0 1 1 0 
1 1 1 1 0 1 1 1 0 0 
70 18 11
1 0 0 1 1 1 0 1 0 1 0 0 0 0 1 1 0 1 
1 0 1 0 1 1 0 1 0 1 0 0 1 1 1 0 1 1 
1 0 0 1 0 0 0 1 0 0 0 1 1 0 1 1 0 0 
1 1 1 1 0 1 0 0 1 0 1 0 1 1 0 0 1 1 
0 1 1 1 1 1 1 1 1 1 1 0 1 1 0 0 0 0 
1 1 1 0 0 1 1 0 0 1 0 0 1 1 0 0 1 1 
1 0 1 1 1 0 0 1 1 0 1 0 1 0 0 0 1 0 
0 1 0 1 1 1 0 0 0 0 0 1 0 0 0 1 1 0 
1 0 1 0 1 0 0 1 1 0 0 0 0 1 1 1 0 0 
1 0 0 1 0 1 1 1 1 0 1 0 1 0 1 1 1 1 
0 0 1 1 1 0 1 1 1 1 1 0 1 0 0 0 1 1 
1 1 0 0 1 1 0 0 1 0 0 0 0 1 1 1 1 0 
0 1 0 1 1 1 0 1 0 0 1 0 1 1 1 1 1 1 
0 1 0 1 0 0 0 1 0 0 1 1 1 0 0 0 0 0 
0 0 0 0 1 0 1 1 0 0 1 1 0 0 0 0 1 0 
1 1 1 1 0 1 1 1 1 1 0 1 1 1 0 0 0 0 
0 1 1 1 1 1 0 0 0 0 0 1 1 1 1 1 0 1 
1 1 1 1 0 0 0 1 0 1 0 0 1 1 0 1 1 0 
0 1 1 0 1 0 0 0 1 0 0 1 1 1 1 1 1 1 
1 1 0 0 1 0 0 0 0 1 1 0 1 0 1 1 0 1 
1 1 0 0 1 0 0 1 0 1 1 0 1 0 1 0 1 1 
1 1 0 1 1 1 0 1 0 1 1 0 0 1 1 0 0 1 
1 0 1 1 0 0 0 0 0 1 0 1 1 0 1 0 0 1 
0 0 1 1 1 0 0 0 1 0 1 0 1 0 0 0 1 1 
1 0 0 0 1 1 0 0 0 0 1 1 1 1 0 1 0 1 
1 1 0 0 0 0 1 0 0 1 0 0 0 1 0 0 1 1 
0 1 0 1 0 0 0 0 1 0 0 1 0 0 0 1 0 1 
0 1 0 0 1 1 1 1 0 1 1 1 0 1 1 1 1 0 
0 1 1 1 0 1 1 0 1 0 1 0 1 0 1 1 0 1 
1 0 0 1 1 1 0 0 0 1 0 1 0 0 1 0 0 1 
0 1 1 0 0 1 1 1 1 0 0 1 0 0 1 1 1 1 
1 0 0 0 0 1 0 0 1 1 1 1 1 0 1 0 1 0 
1 1 0 0 0 0 1 1 0 0 1 0 1 0 1 0 1 0 
1 1 0 0 1 0 0 1 0 1 0 1 0 0 0 1 0 1 
0 1 1 0 0 0 0 0 1 1 0 1 1 1 1 0 1 0 
1 1 0 0 0 1 0 0 0 1 0 1 0 1 1 1 1 1 
1 1 0 1 0 1 1 1 1 0 0 0 0 1 1 1 0 0 
1 0 0 1 0 0 1 1 1 0 1 1 1 0 1 0 0 1 
0 0 0 0 0 1 1 0 0 0 1 1 1 0 1 0 0 1 
0 0 1 1 1 1 0 1 0 1 1 1 1 0 0 1 1 0 
1 1 1 0 0 0 0 1 1 1 0 1 0 1 0 0 1 0 
1 0 0 0 1 1 1 1 1 0 1 0 1 1 0 1 0 1 
1 1 1 0 0 0 1 1 1 1 1 0 1 0 0 0 1 0 
0 1 1 0 1 1 1 0 1 0 1 0 1 1 0 0 1 0 
0 0 0 1 1 1 1 1 1 0 0 1 1 1 0 1 0 0 
0 1 0 1 1 1 0 1 1 0 1 1 0 1 1 1 1 0 
0 0 0 1 0 0 0 1 1 1 1 0 0 0 0 1 1 0 
0 1 1 1 0 0 0 0 0 0 0 1 0 0 1 1 0 0 
1 1 1 1 0 1 0 0 1 1 1 1 0 0 1 1 1 1 
1 1 1 0 1 1 0 1 0 0 1 0 0 0 0 0 1 0 
0 1 0 1 0 1 0 1 1 1 0 1 0 1 1 0 1 0 
1 0 1 1 0 0 0 0 1 1 1 0 1 0 1 1 1 1 
1 0 0 1 1 0 0 1 0 0 0 0 1 1 0 1 1 0 
1 0 1 1 0 1 0 0 0 0 0 1 0 0 0 1 0 1 
1 1 0 1 1 1 1 1 1 0 0 0 1 1 1 0 1 1 
1 0 1 1 0 0 1 0 0 0 0 0 1 1 0 1 0 1 
0 1 1 0 1 1 1 0 1 1 0 0 1 0 0 0 0 0 
0 1 0 0 1 1 1 0 1 1 0 0 1 0 0 1 0 1 
1 0 1 1 1 1 1 1 1 1 0 1 1 1 0 1 0 1 
1 0 0 1 0 1 1 1 0 0 1 0 0 0 0 0 1 0 
0 1 1 1 0 0 0 0 1 1 1 1 1 1 0 1 1 1 
1 0 1 1 1 0 1 1 0 1 1 1 0 1 0 0 1 1 
0 0 0 1 1 1 0 0 1 1 0 0 0 1 1 0 0 1 
1 0 0 1 1 0 1 0 1 1 0 0 1 0 1 1 1 0 
0 0 1 0 1 1 1 1 0 0 0 1 1 0 0 1 0 1 
0 1 1 0 0 0 0 1 1 0 0 0 0 1 0 1 1 0 
1 0 1 0 1 0 1 1 0 1 1 1 0 1 1 1 0 0 
1 0 0 0 1 1 1 0 1 0 1 1 0 0 0 0 0 1 
0 1 1 0 1 1 1 1 1 0 1 0 1 1 1 1 1 0 
1 1 0 0 1 1 0 1 1 1 0 0 0 0 1 0 0 0 
59 3 3
1 1 1 
1 1 1 
1 1 0 
1 1 1 
0 0 1 
1 0 0 
0 1 1 
1 1 1 
0 0 1 
1 1 0 
1 1 0 
0 1 1 
1 1 1 
0 1 0 
1 0 0 
1 0 1 
0 0 1 
0 0 0 
0 1 0 
0 1 1 
0 1 1 
0 0 1 
1 0 0 
1 1 0 
1 1 1 
1 1 1 
0 0 1 
0 0 1 
0 1 0 
0 0 1 
1 0 0 
1 1 0 
0 0 0 
0 0 1 
1 1 1 
0 0 1 
0 1 1 
0 1 0 
0 1 1 
0 0 1 
1 1 0 
1 1 1 
0 0 0 
1 1 0 
0 1 0 
1 1 1 
0 0 1 
1 0 0 
0 0 0 
0 1 0 
1 1 1 
0 1 0 
0 0 1 
0 0 1 
0 0 1 
0 1 0 
1 1 0 
1 0 0 
1 1 0 
129 10 10
0 1 1 1 0 1 0 0 1 0 
1 1 0 0 0 1 1 1 1 0 
1 1 0 0 1 0 0 1 1 1 
0 1 1 1 1 1 0 1 0 0 
0 1 0 0 0 1 1 0 1 0 
1 1 1 1 0 0 0 1 1 1 
1 0 1 0 0 1 0 1 0 0 
1 0 1 0 1 1 1 0 1 1 
1 1 1 1 0 1 0 0 1 0 
0 1 0 0 1 1 1 0 1 0 
0 0 0 1 1 1 1 1 0 1 
1 1 1 0 1 0 1 1 0 0 
0 1 0 0 0 0 0 0 0 0 
1 1 1 0 1 1 0 0 1 1 
1 1 0 1 1 0 0 1 0 1 
1 1 0 0 0 1 0 0 1 0 
1 1 1 0 1 0 1 1 1 1 
1 1 1 0 0 0 1 0 0 1 
0 1 1 1 1 0 1 1 0 0 
0 0 0 1 0 0 1 0 1 0 
0 1 1 1 0 1 1 0 1 1 
0 1 1 1 1 1 0 0 1 0 
0 0 0 0 1 0 0 0 1 1 
0 1 0 1 1 0 0 0 0 1 
1 0 1 1 1 1 0 0 0 0 
1 0 0 1 0 1 0 0 0 0 
1 1 1 0 1 1 1 1 1 1 
1 0 1 0 0 1 0 1 0 0 
1 0 0 1 0 0 1 1 1 1 
0 1 0 0 0 1 1 1 0 1 
1 1 1 0 0 0 0 0 0 1 
1 0 1 0 1 1 0 1 0 1 
1 1 1 0 1 1 0 1 1 1 
0 1 0 0 1 1 0 1 1 1 
1 0 1 1 1 0 1 0 0 0 
1 0 0 0 1 1 0 1 0 1 
0 0 0 1 1 0 0 0 0 0 
0 1 0 1 0 1 0 1 1 1 
1 0 1 0 0 0 1 1 0 0 
1 0 0 1 1 1 0 1 1 0 
1 1 1 0 1 0 1 1 0 0 
0 1 1 1 0 0 1 0 0 1 
1 0 0 0 0 0 0 0 0 0 
1 1 0 0 1 0 1 1 0 0 
0 1 0 1 0 1 0 1 1 1 
0 1 1 1 0 0 0 1 0 1 
0 0 1 0 0 1 0 1 1 1 
0 0 0 0 0 1 0 0 0 1 
1 1 0 1 0 1 0 1 0 0 
0 0 0 1 1 0 1 1 1 1 
1 0 1 1 0 1 1 1 1 1 
1 1 0 0 0 0 0 1 1 1 
0 1 1 0 0 1 0 1 0 1 
1 0 1 0 1 0 0 1 0 0 
1 1 1 0 0 1 1 1 1 0 
0 0 0 1 1 0 0 0 0 0 
0 1 0 0 0 1 1 0 0 1 
0 1 0 0 0 0 0 0 1 1 
1 0 1 1 0 1 1 0 0 1 
1 0 1 1 1 1 1 0 0 0 
0 1 0 1 0 0 1 0 0 1 
1 0 0 1 1 1 0 1 1 1 
1 1 0 1 0 1 0 1 0 0 
0 0 0 1 1 0 1 1 1 0 
0 0 0 0 0 1 1 1 0 1 
0 1 1 0 0 1 1 0 0 1 
0 1 1 1 1 1 1 1 0 0 
0 0 0 0 0 1 0 1 0 1 
1 0 0 1 0 0 1 1 0 1 
1 0 1 1 0 0 1 0 1 1 
1 1 1 0 0 0 0 0 0 0 
1 1 1 0 1 0 1 1 1 0 
0 1 0 1 1 0 1 1 1 0 
1 0 0 0 1 1 0 0 0 1 
0 0 1 1 1 1 1 0 0 0 
1 1 1 1 0 0 0 1 1 1 
0 1 0 1 1 0 1 1 0 0 
1 0 0 1 1 1 0 0 1 0 
1 1 1 0 0 0 0 1 0 1 
1 0 0 0 0 0 0 0 0 0 
1 0 1 0 0 1 1 1 0 1 
1 1 0 0 0 1 1 1 1 1 
1 0 0 1 1 0 0 1 1 0 
0 1 1 1 1 1 0 1 0 1 
1 1 1 1 0 0 0 0 1 1 
1 1 1 0 1 1 0 1 1 1 
0 0 1 1 1 0 0 0 0 1 
0 1 0 0 1 0 1 0 1 1 
0 1 1 0 0 1 1 0 0 1 
1 0 0 1 0 0 0 1 1 0 
1 1 0 1 0 0 0 0 1 0 
1 0 0 1 1 0 1 0 1 0 
1 1 1 0 1 1 1 1 0 0 
1 1 1 0 0 0 1 0 1 0 
1 0 0 1 1 1 0 1 0 1 
1 0 0 1 1 1 1 0 1 1 
1 1 1 0 0 1 0 1 0 0 
1 0 1 0 1 0 1 1 0 1 
1 0 0 1 1 1 0 0 0 0 
1 0 0 1 0 0 0 0 0 1 
1 0 1 0 1 1 1 1 1 0 
0 0 0 0 0 0 0 1 0 0 
0 0 0 1 0 0 0 0 1 1 
1 0 0 1 1 1 1 0 1 0 
0 1 1 0 1 1 1 0 1 0 
0 1 1 1 1 1 1 0 0 0 
1 1 1 0 1 1 1 0 1 0 
1 1 0 0 1 1 0 0 0 1 
0 0 1 0 1 1 1 0 0 0 
1 0 0 0 0 0 0 0 0 1 
0 0 0 0 0 1 1 1 1 1 
0 1 1 1 0 0 0 0 1 0 
1 1 0 1 0 0 0 1 1 1 
0 0 1 0 1 0 0 0 1 0 
1 0 1 1 0 1 0 1 0 0 
1 0 0 1 0 0 0 1 0 0 
1 0 0 0 0 0 1 0 0 0 
0 1 0 0 1 0 0 0 1 0 
0 0 0 1 1 0 0 1 0 0 
0 1 0 0 1 0 0 1 1 1 
0 1 0 1 0 1 1 1 1 1 
0 1 0 0 1 0 0 0 1 1 
1 0 0 1 1 1 0 1 1 0 
1 1 0 1 0 1 1 0 1 0 
0 1 1 1 0 0 1 0 1 1 
0 1 0 1 0 1 1 1 0 0 
1 1 0 0 0 1 1 1 1 1 
0 1 0 1 0 1 0 0 1 1 
0 1 1 1 1 1 1 1 0 1 
46 8 5
0 0 1 1 0 0 1 0 
0 1 0 1 1 0 1 0 
0 0 1 0 0 1 0 0 
0 1 0 0 1 0 0 0 
0 1 1 1 0 0 0 0 
0 1 1 1 1 0 0 0 
1 1 1 1 0 0 1 0 
1 1 0 1 0 1 0 1 
1 0 0 1 1 1 1 1 
1 1 0 1 0 1 1 0 
0 1 0 1 1 0 0 1 
0 1 1 1 0 1 0 0 
1 0 1 0 0 0 1 1 
1 0 0 0 0 0 0 1 
0 0 0 0 1 0 0 0 
1 0 0 1 1 0 1 1 
1 0 1 0 1 1 1 1 
1 1 0 0 1 1 1 1 
1 1 0 0 1 1 0 1 
1 1 1 1 0 1 1 1 
1 1 0 1 0 1 1 1 
0 0 1 0 0 0 1 0 
1 0 1 1 0 1 0 1 
1 1 0 1 1 1 0 1 
1 1 1 0 1 0 1 0 
1 0 1 0 1 0 0 0 
0 1 1 1 0 1 0 0 
1 1 1 0 0 0 0 1 
0 0 1 0 1 1 0 1 
0 0 1 0 1 1 0 1 
1 1 1 1 1 1 1 0 
1 0 1 0 0 0 1 1 
0 1 0 1 1 1 1 1 
1 1 1 0 0 0 1 1 
1 1 0 0 0 0 0 1 
0 1 1 1 0 0 1 1 
0 0 1 0 1 0 0 1 
0 0 0 0 0 0 0 0 
0 1 0 0 1 0 0 1 
0 0 1 1 1 0 0 1 
0 0 0 1 1 1 1 1 
1 0 1 0 0 1 1 0 
0 0 1 0 0 0 0 1 
1 0 0 1 1 1 0 0 
0 0 0 0 1 0 1 0 
1 0 0 0 0 1 1 1 
158 11 8
0 1 1 0 1 1 0 1 1 0 0 
1 0 1 1 0 1 0 0 0 1 0 
1 0 0 1 1 1 0 0 0 0 0 
1 1 0 0 1 1 0 1 0 0 0 
1 1 0 0 0 0 1 0 0 0 0 
1 1 1 1 0 1 0 0 0 0 1 
0 1 1 0 0 0 0 1 0 0 1 
0 1 1 1 1 0 1 0 1 1 0 
1 0 0 0 0 1 1 1 0 1 1 
0 0 0 0 1 0 0 1 0 0 1 
1 0 0 0 0 0 1 0 1 0 0 
1 1 1 1 1 0 1 1 1 0 1 
1 1 0 0 1 0 0 0 0 1 0 
1 1 0 0 0 1 1 1 1 0 0 
1 0 0 0 0 0 1 1 0 1 0 
1 0 0 1 0 0 0 1 0 1 0 
1 1 1 1 1 0 0 0 1 1 1 
0 1 0 0 1 1 0 0 1 1 1 
1 1 0 1 1 1 1 0 0 1 0 
1 1 1 1 0 1 0 1 1 0 0 
0 0 0 1 0 1 1 1 1 1 1 
0 1 1 0 0 0 1 0 0 1 1 
1 0 0 0 1 1 0 0 1 0 0 
1 1 0 0 0 0 1 0 1 0 0 
1 0 0 1 1 1 0 1 1 1 1 
1 0 0 1 0 1 0 1 1 1 1 
1 1 1 1 0 0 1 0 1 1 0 
0 0 1 0 1 0 0 1 1 0 0 
0 0 1 0 0 0 0 0 1 0 0 
1 1 0 0 1 0 0 1 1 1 0 
1 1 0 0 1 1 0 1 0 1 0 
1 0 1 1 0 1 1 0 1 1 0 
0 0 1 1 0 0 0 1 0 1 0 
0 0 0 1 0 0 0 0 1 0 1 
1 1 0 1 0 0 0 0 1 1 1 
1 1 1 1 1 0 0 1 1 0 0 
0 1 1 0 0 1 1 1 0 0 1 
1 1 1 1 0 1 1 0 1 0 1 
1 1 0 0 0 1 0 0 1 1 0 
1 1 0 1 0 1 1 0 1 1 0 
0 0 1 0 1 1 0 0 0 1 0 
1 1 1 0 1 1 1 0 0 1 1 
0 1 1 1 1 1 1 0 0 1 1 
1 1 1 0 0 0 0 1 0 1 0 
1 0 1 0 0 0 1 0 0 0 1 
1 1 0 1 0 0 1 1 1 0 0 
1 1 1 0 0 0 0 0 1 1 0 
1 1 0 1 1 0 0 1 0 1 1 
1 0 0 0 1 1 1 0 1 1 1 
0 0 0 1 1 1 1 1 1 1 0 
0 0 1 0 0 0 1 1 1 1 1 
1 0 1 1 0 1 0 1 1 0 0 
0 1 1 0 0 1 0 0 0 1 0 
1 0 0 0 1 0 1 1 0 1 1 
0 1 0 0 1 0 0 1 0 0 0 
1 0 0 0 0 1 0 1 0 1 1 
0 0 0 1 0 1 0 1 0 1 1 
1 0 0 0 1 0 0 0 1 0 0 
1 1 1 0 0 1 0 1 0 1 1 
0 0 1 1 1 0 0 0 0 0 0 
1 1 1 1 1 1 1 0 0 0 1 
1 0 1 0 1 1 0 0 0 1 0 
1 0 1 1 0 0 0 0 0 0 1 
1 1 1 1 1 0 0 1 0 0 1 
1 1 1 0 0 0 0 0 0 0 1 
0 0 0 0 1 1 1 1 0 1 0 
1 0 0 1 0 1 0 0 0 0 1 
0 1 1 1 0 0 0 0 1 1 0 
1 0 1 0 1 0 0 1 1 0 0 
0 0 0 0 1 1 0 0 0 0 0 
1 1 1 1 1 1 0 0 1 0 0 
0 0 0 0 1 1 1 0 0 1 1 
0 1 1 0 1 1 0 0 0 0 0 
1 0 1 0 1 1 0 1 1 0 1 
0 1 0 0 1 1 1 0 0 0 0 
0 1 0 0 1 1 1 0 1 0 1 
0 0 0 1 1 0 1 0 0 0 0 
0 1 1 0 1 0 0 0 1 0 1 
1 0 0 1 0 1 1 1 0 0 1 
1 0 1 1 1 1 1 0 1 0 0 
0 1 1 0 1 1 0 0 0 0 0 
1 1 1 0 1 1 0 0 0 1 0 
0 0 1 0 0 1 0 0 1 1 0 
1 1 1 0 1 1 1 0 0 1 1 
1 1 0 0 1 1 1 0 0 1 1 
1 1 0 1 1 1 1 0 1 1 1 
0 0 1 1 0 1 0 0 1 1 0 
0 1 0 1 0 1 1 0 1 1 0 
1 0 0 1 0 0 0 1 0 1 1 
0 0 0 0 0 0 0 1 0 0 0 
0 1 0 1 1 1 1 1 1 0 0 
0 0 0 1 1 0 1 1 1 0 1 
1 1 0 1 0 0 0 0 0 0 1 
0 0 0 0 1 0 1 1 1 0 0 
1 1 1 0 1 1 0 0 0 0 1 
0 1 1 0 0 1 0 0 0 1 0 
0 0 1 1 1 1 0 0 0 1 1 
0 0 0 0 1 1 0 1 0 0 0 
1 1 1 1 1 0 1 0 1 0 1 
0 1 0 1 1 1 0 1 1 1 1 
0 0 0 0 0 1 0 1 0 0 1 
1 1 1 0 1 0 1 0 1 1 0 
0 1 1 1 1 1 1 0 0 1 1 
0 0 0 1 0 0 0 1 0 1 1 
1 0 1 0 1 1 1 1 1 0 1 
0 1 0 1 0 1 1 0 1 1 0 
0 0 1 0 0 0 1 0 1 1 0 
1 1 1 0 0 1 0 1 0 1 0 
1 1 1 0 0 0 0 0 0 1 1 
1 0 1 1 1 0 1 0 1 1 1 
1 1 0 1 1 1 0 1 1 0 0 
0 0 1 1 0 0 1 0 1 0 0 
1 1 1 0 0 1 1 1 1 0 0 
1 0 0 1 1 0 0 0 0 1 1 
1 0 1 1 0 0 1 0 0 1 1 
1 1 0 0 1 0 1 0 0 0 1 
0 1 0 0 1 1 1 1 0 1 1 
0 0 1 1 1 0 1 0 0 0 1 
1 1 0 1 0 1 1 1 0 1 1 
1 0 1 1 0 1 1 0 0 1 1 
1 1 1 1 1 0 1 1 0 1 0 
0 1 1 1 1 0 1 0 0 1 0 
0 1 0 1 1 1 1 0 0 0 0 
1 0 1 1 1 0 0 1 1 0 1 
0 0 0 0 0 0 1 1 0 1 0 
0 0 1 0 0 1 0 1 0 1 1 
0 1 1 1 1 1 1 0 0 1 1 
0 1 1 1 0 1 1 0 0 1 1 
1 0 0 0 0 0 1 1 0 0 0 
0 1 0 1 1 1 1 1 1 0 1 
1 1 0 1 1 1 1 1 0 0 0 
0 0 0 0 0 1 1 1 0 0 1 
1 1 1 1 1 0 1 1 0 1 1 
0 0 1 0 1 1 1 1 0 1 0 
1 1 1 1 1 1 0 1 1 0 0 
0 0 0 1 1 1 0 0 1 0 0 
1 0 1 1 0 0 1 0 0 1 0 
1 0 1 0 0 1 0 1 0 0 1 
1 0 1 0 1 1 0 0 1 0 0 
0 1 0 1 1 0 0 1 1 0 0 
1 1 1 1 0 1 1 0 0 1 1 
1 1 0 0 0 1 0 0 1 1 1 
0 1 0 0 1 1 0 0 0 0 1 
1 1 0 0 1 0 0 0 0 1 0 
1 1 0 1 1 1 0 1 1 0 1 
0 0 1 0 0 1 0 1 1 1 1 
1 1 1 0 1 0 1 0 0 0 1 
1 0 1 0 1 1 1 0 0 0 0 
0 1 0 1 0 1 0 1 1 0 0 
0 0 0 1 1 1 0 1 0 1 1 
1 1 0 1 0 0 1 0 0 0 0 
0 0 1 1 1 0 0 1 0 1 1 
0 0 0 0 0 0 0 1 1 0 0 
0 1 0 1 0 1 0 1 0 0 0 
1 1 0 0 1 0 1 0 0 0 1 
0 1 0 0 0 0 1 0 0 0 1 
1 1 1 0 1 0 0 1 1 0 0 
1 0 0 0 1 1 0 0 1 1 1 
63 8 3
1 0 0 0 1 1 0 0 
1 1 1 0 1 0 0 0 
0 1 0 1 1 0 1 0 
0 1 0 1 1 0 0 0 
0 1 1 0 0 0 1 0 
1 1 1 0 1 1 1 1 
0 1 0 1 1 0 0 1 
1 0 1 1 0 1 0 1 
1 0 1 1 1 1 1 0 
0 0 1 0 0 0 1 1 
1 1 0 0 1 1 0 0 
1 1 1 0 1 0 1 0 
0 0 0 0 0 1 1 0 
1 0 0 1 1 1 1 0 
0 0 1 0 0 1 0 0 
0 0 1 0 0 0 0 1 
0 0 1 0 1 0 1 0 
1 0 0 1 0 1 1 0 
1 0 1 1 0 1 1 1 
1 1 0 0 1 0 1 1 
1 0 1 1 1 1 0 0 
0 0 1 1 0 0 1 1 
0 1 1 1 1 1 0 1 
0 1 0 0 1 1 1 1 
1 1 0 0 1 1 1 0 
0 1 0 1 1 1 0 1 
1 1 1 1 0 0 1 0 
1 0 1 0 1 1 1 0 
0 1 0 0 1 0 0 0 
0 0 0 1 1 1 1 0 
0 0 0 1 1 0 0 1 
1 0 0 0 0 1 1 1 
1 0 0 1 1 1 0 0 
0 0 0 0 1 1 1 0 
0 1 1 1 0 0 0 0 
0 1 0 0 0 0 1 0 
0 1 1 0 1 0 0 1 
0 0 1 0 1 0 0 0 
0 0 0 1 1 1 0 0 
1 0 0 1 1 1 0 0 
1 1 0 1 0 0 0 1 
1 0 1 0 0 0 0 0 
0 0 0 1 1 0 0 1 
0 1 0 1 1 1 0 1 
0 0 0 0 0 1 0 0 
1 1 0 0 0 0 1 1 
0 1 0 1 1 0 1 0 
1 0 1 1 0 1 1 1 
1 0 1 1 1 0 1 0 
1 1 1 1 1 1 1 0 
1 1 0 1 1 1 0 1 
1 1 0 0 0 0 1 0 
1 0 1 1 0 0 0 1 
1 1 1 1 0 0 0 1 
1 1 0 1 1 0 1 0 
0 1 1 0 1 1 1 0 
1 0 1 0 0 0 0 1 
1 1 0 0 1 1 0 0 
0 0 0 0 1 0 1 0 
0 0 1 1 1 1 0 1 
0 1 0 1 1 1 0 0 
0 0 1 0 0 0 1 0 
1 0 1 0 0 0 1 0 
95 8 3
1 0 0 0 1 0 0 0 
1 1 1 0 0 0 1 1 
1 1 1 1 0 1 1 1 
0 1 0 1 0 1 0 0 
0 0 1 1 0 1 0 0 
0 1 1 0 1 1 0 0 
0 1 0 0 0 1 0 0 
1 0 0 0 1 1 0 0 
1 1 1 1 1 0 0 1 
0 1 1 1 0 0 0 1 
1 1 0 0 1 1 1 1 
1 1 0 1 1 0 0 0 
0 1 1 0 0 1 1 1 
1 1 0 0 1 1 1 0 
1 1 1 1 1 1 1 1 
0 0 0 0 0 0 1 0 
1 1 0 0 0 0 0 1 
1 1 0 1 1 0 0 0 
0 1 0 0 0 1 1 0 
1 0 1 1 0 1 0 0 
0 0 1 1 0 0 1 0 
1 0 0 1 1 0 1 0 
1 0 1 0 0 1 0 0 
1 1 1 1 1 0 0 1 
1 0 1 1 1 1 1 0 
0 1 1 1 1 0 1 0 
0 0 0 1 1 1 1 0 
0 1 1 1 1 0 0 0 
0 1 0 0 0 0 0 0 
0 0 1 1 1 0 1 1 
1 1 0 0 1 1 1 0 
1 1 1 0 0 1 0 1 
1 0 1 0 1 1 1 1 
0 1 1 0 0 0 0 0 
1 0 0 0 0 1 1 0 
0 0 1 0 0 1 1 1 
0 1 0 1 1 0 0 1 
0 0 1 1 0 0 1 1 
0 1 0 1 1 1 1 0 
1 0 1 1 1 1 0 1 
1 0 1 1 1 0 1 0 
0 0 0 0 0 0 0 0 
1 0 0 0 0 0 0 1 
0 1 1 1 0 1 0 1 
0 1 1 1 1 1 0 1 
0 1 0 1 0 0 0 1 
0 0 1 1 0 1 1 0 
1 1 0 1 1 1 0 0 
0 1 1 0 0 0 0 1 
0 1 0 1 1 0 1 0 
0 0 1 1 0 1 1 1 
0 0 1 1 0 0 1 0 
1 1 1 1 0 1 1 1 
0 1 1 1 1 0 1 1 
1 1 1 1 0 0 1 0 
1 0 1 1 1 0 0 0 
1 1 1 0 1 0 0 1 
1 0 0 0 0 0 1 0 
1 0 0 1 0 1 0 1 
1 1 0 0 0 1 1 1 
0 1 0 1 1 0 0 0 
1 0 0 1 1 0 0 1 
0 0 1 0 1 0 1 1 
0 1 1 0 0 0 1 1 
0 1 0 1 1 1 1 1 
1 1 1 0 0 1 1 0 
0 0 1 1 0 1 0 0 
0 0 1 0 0 0 0 1 
0 0 0 1 1 1 1 0 
0 0 0 1 0 0 1 1 
0 1 1 0 1 0 0 0 
1 0 1 1 0 0 0 0 
1 1 0 0 0 0 1 0 
0 1 1 1 1 1 0 0 
1 0 0 1 1 0 1 0 
1 0 0 1 1 1 0 0 
1 1 0 0 1 1 0 1 
1 0 1 1 0 0 0 1 
1 1 0 1 0 0 0 1 
0 1 0 1 1 0 1 1 
1 1 1 1 0 1 0 0 
1 1 0 1 1 0 0 1 
1 0 0 1 0 1 1 1 
0 1 0 0 0 0 1 0 
1 0 0 1 1 0 1 1 
0 1 1 0 0 1 0 1 
1 1 1 0 1 0 1 0 
0 0 0 1 0 0 0 0 
1 1 1 0 0 0 0 1 
1 1 1 1 1 1 1 0 
1 1 0 1 1 0 1 1 
1 1 1 0 1 1 1 0 
1 1 0 0 1 1 1 1 
0 1 0 0 0 0 0 0 
1 1 0 0 0 1 1 0 
92 19 11
1 1 1 0 1 1 1 0 1 0 0 1 1 1 1 1 0 0 1 
0 1 1 1 0 1 0 1 0 1 1 1 1 1 0 0 0 1 1 
1 1 1 1 0 1 0 0 1 0 0 0 1 0 0 0 1 1 1 
0 0 0 0 1 0 0 1 1 0 1 0 0 1 0 0 1 1 0 
1 1 0 0 0 0 0 0 0 0 1 0 1 0 1 0 0 1 0 
1 1 0 0 1 1 0 0 0 1 0 1 1 1 0 0 1 0 1 
0 1 1 0 0 0 1 1 0 0 0 1 0 1 0 0 1 0 1 
0 0 0 1 0 0 0 0 1 1 0 1 1 1 0 0 1 0 1 
0 0 1 1 0 1 0 0 1 0 1 0 0 1 1 1 1 1 1 
0 0 0 0 0 1 0 0 0 0 1 1 0 1 1 1 0 0 0 
0 1 0 1 0 0 1 1 0 1 1 1 0 1 0 1 0 0 0 
0 0 1 0 0 0 0 0 0 1 1 0 0 0 1 0 0 0 1 
1 0 1 1 1 0 1 1 1 1 1 1 0 1 1 1 0 0 0 
0 0 0 1 0 1 0 1 1 0 1 0 0 0 0 0 1 0 0 
1 1 1 0 1 1 0 0 1 0 0 1 1 1 0 0 1 0 1 
1 0 1 0 1 0 1 1 1 0 0 1 1 1 0 1 1 1 1 
0 1 0 0 1 0 1 0 0 0 0 1 0 1 1 1 1 1 0 
1 1 0 0 0 0 0 1 1 0 1 1 1 1 1 0 0 0 0 
0 0 1 1 0 0 1 0 0 1 0 1 1 1 0 1 0 0 0 
1 1 1 0 1 1 0 0 1 0 1 0 1 0 1 0 1 1 0 
0 0 1 1 1 0 0 0 1 1 0 1 0 0 1 0 0 0 1 
0 1 1 1 1 1 0 1 0 1 0 1 0 0 1 1 0 0 0 
1 1 0 0 0 1 0 1 1 0 1 0 0 0 1 0 1 1 0 
1 1 0 0 0 1 1 0 0 0 0 0 1 0 0 0 1 1 1 
1 0 1 0 1 0 1 1 1 1 0 1 1 0 0 0 0 1 0 
0 0 1 0 0 0 1 0 0 0 0 1 1 0 1 1 0 1 1 
0 1 1 1 1 1 0 1 0 1 0 1 0 0 1 1 0 0 1 
0 1 1 0 0 0 0 1 0 1 1 0 1 1 0 0 1 0 1 
1 0 1 0 1 0 1 0 0 0 0 0 0 1 1 0 1 1 1 
0 1 0 1 0 0 1 0 1 1 1 1 1 1 0 0 0 1 1 
1 0 0 1 1 0 1 0 0 1 1 0 0 0 1 1 1 0 1 
1 0 0 0 0 1 0 0 1 0 1 0 0 1 1 1 0 0 0 
0 0 1 1 1 1 0 1 1 0 0 0 0 1 1 0 0 0 0 
0 0 0 1 0 0 0 1 1 1 1 0 1 0 0 1 1 0 1 
1 0 0 1 1 0 0 1 1 0 1 1 1 0 0 0 1 1 1 
0 1 0 1 1 1 0 0 0 0 0 0 0 1 0 0 1 0 1 
0 0 1 1 0 1 0 1 1 1 1 1 1 0 0 1 0 0 1 
0 0 0 0 1 0 0 1 0 0 0 1 1 0 0 0 0 0 0 
1 1 1 1 1 0 0 0 1 1 1 1 0 1 1 0 1 0 1 
1 1 1 1 1 1 1 0 0 0 0 1 0 1 0 1 0 1 1 
0 1 0 0 0 0 1 0 0 0 0 0 1 1 0 1 1 0 0 
1 0 1 1 0 0 1 0 0 0 0 0 1 1 0 1 0 1 0 
1 0 1 1 1 0 1 0 0 1 1 0 0 0 0 1 0 0 1 
0 0 1 0 0 0 0 0 1 1 0 0 1 1 0 0 1 0 1 
0 0 1 0 1 1 0 1 0 0 1 1 1 1 0 0 0 1 1 
1 0 1 0 0 1 1 1 1 0 1 0 0 0 0 0 1 0 0 
0 0 0 0 0 1 1 1 1 1 1 1 0 0 0 0 0 1 0 
0 0 1 0 1 0 0 0 0 1 1 1 1 0 0 0 1 1 0 
1 1 0 1 1 1 1 0 0 0 1 0 1 0 0 1 1 0 0 
0 1 0 0 1 0 0 1 1 0 0 1 1 0 1 1 0 0 1 
1 1 1 1 0 0 0 0 1 1 0 0 0 1 1 0 0 0 0 
1 1 0 0 0 1 1 1 1 0 0 1 1 0 0 1 1 0 0 
1 0 0 0 1 0 0 0 0 0 1 0 0 0 1 1 0 1 1 
0 0 0 1 0 1 1 0 0 0 0 1 1 1 0 1 0 0 0 
1 1 1 0 1 0 0 1 1 1 0 0 1 0 0 1 0 1 1 
1 0 0 0 0 1 0 1 1 0 0 0 1 0 1 1 0 1 1 
1 0 1 1 1 1 1 0 0 0 0 1 1 1 0 1 0 0 0 
1 0 1 1 1 0 1 0 1 1 0 0 0 0 0 0 0 0 0 
0 0 0 0 1 0 1 0 1 1 0 0 1 1 0 1 1 0 1 
1 0 0 1 1 0 1 1 1 0 1 0 1 0 1 1 1 1 1 
1 0 1 1 0 0 1 1 1 0 1 0 1 1 0 1 1 1 1 
0 0 1 1 1 1 0 1 0 1 1 0 0 0 1 0 1 1 0 
1 0 0 0 1 1 0 1 0 1 1 1 1 1 0 0 0 0 1 
1 0 0 1 0 1 0 0 1 1 1 0 0 0 1 0 0 1 0 
0 1 0 1 1 0 0 0 0 0 0 1 1 1 0 0 0 0 0 
0 1 1 0 0 1 0 1 1 0 0 1 1 1 1 0 1 1 1 
0 0 1 1 0 0 0 0 1 1 0 1 1 1 0 0 1 1 1 
0 1 1 0 1 0 0 1 1 1 0 1 1 1 1 0 1 1 1 
0 1 1 0 0 1 1 0 1 1 0 1 1 1 1 1 0 1 1 
0 1 1 0 0 1 0 1 0 1 1 0 1 0 1 1 0 0 0 
1 0 1 1 0 1 1 0 0 0 0 0 0 0 0 0 0 0 1 
1 0 0 0 1 0 1 1 0 1 1 1 1 1 0 1 0 0 1 
1 1 0 0 0 0 1 0 1 0 1 0 0 1 0 0 0 0 0 
0 1 0 1 0 0 0 1 0 1 1 0 1 0 1 1 0 0 1 
0 0 0 1 1 0 1 0 0 1 0 1 1 1 1 1 1 0 0 
1 0 1 0 0 0 1 1 0 0 0 0 1 0 1 0 1 1 0 
1 1 1 0 0 0 1 0 0 1 0 0 1 0 0 1 1 1 1 
0 1 0 1 0 0 0 1 1 1 0 0 1 0 0 1 0 1 1 
0 0 0 1 1 1 1 1 1 0 1 0 1 0 1 1 0 0 0 
1 1 1 0 0 1 1 0 1 0 1 0 0 0 0 0 1 0 0 
1 0 1 1 0 1 0 1 1 1 0 1 1 0 1 1 0 1 0 
0 0 0 1 0 1 1 0 1 0 1 1 0 0 1 1 1 0 0 
1 1 1 1 1 1 0 1 1 1 1 1 1 0 1 0 0 1 1 
1 1 0 1 1 0 1 1 1 0 0 0 1 0 1 0 1 1 0 
0 0 0 0 0 1 0 0 0 1 1 1 0 0 1 0 0 1 0 
0 0 0 0 0 1 1 1 1 1 0 1 1 1 1 1 1 1 1 
1 1 1 0 0 0 1 1 0 0 1 1 1 0 0 1 1 0 0 
0 1 0 0 1 0 0 1 0 1 0 1 0 0 0 0 1 0 0 
1 0 0 1 1 1 1 0 0 0 1 0 1 1 1 0 0 0 0 
0 1 1 0 1 1 1 1 0 1 1 0 1 0 0 1 0 1 1 
1 1 0 0 1 1 0 1 0 0 0 1 1 0 0 0 0 1 1 
0 1 1 1 0 0 0 1 1 0 1 1 1 0 0 0 0 0 0 
92 15 14
1 0 0 1 0 1 1 1 0 0 1 1 1 1 0 
0 1 1 0 0 1 1 0 0 0 1 0 0 0 0 
0 1 0 1 1 0 0 0 1 0 1 1 1 1 1 
0 0 0 0 0 1 1 1 1 0 1 0 0 1 1 
0 1 0 1 0 0 1 1 1 1 0 0 1 0 1 
1 1 1 1 1 1 0 1 1 0 1 0 0 1 1 
1 1 1 1 1 0 0 1 1 1 1 0 0 0 1 
0 1 0 0 0 1 1 1 1 0 1 1 1 1 1 
1 1 0 1 0 1 1 1 1 1 1 0 1 1 1 
0 0 1 0 0 1 1 1 0 1 0 1 1 1 1 
0 0 1 1 1 1 1 0 1 0 1 1 0 0 0 
0 1 1 0 0 0 1 1 0 1 0 0 1 0 1 
1 1 0 1 0 0 0 1 1 0 1 1 1 1 0 
0 1 1 0 1 0 0 1 0 1 1 1 1 1 0 
1 0 1 1 1 1 1 0 1 0 1 0 1 0 1 
1 1 0 1 0 0 0 0 1 1 1 0 1 1 0 
0 0 0 0 0 0 0 1 1 1 0 0 0 0 1 
0 1 0 1 0 1 1 0 1 1 0 0 0 1 1 
1 0 1 0 1 0 1 1 0 1 1 1 1 0 1 
1 1 0 0 1 0 1 0 1 0 0 1 0 0 0 
0 1 1 0 1 0 1 0 1 1 1 1 0 0 1 
0 1 0 1 0 1 1 1 1 1 1 0 1 1 1 
0 1 0 1 1 0 0 0 1 0 0 0 0 1 0 
0 0 0 1 1 1 0 0 0 0 1 0 0 0 0 
0 1 0 0 0 1 1 0 1 1 1 1 0 1 1 
0 0 0 1 1 0 1 0 0 1 0 0 1 0 0 
0 0 1 0 1 1 1 0 0 1 1 0 0 1 1 
0 0 0 1 1 0 1 1 0 0 1 1 1 0 1 
0 1 0 0 1 0 0 0 0 0 0 1 1 0 0 
1 1 0 1 1 0 0 0 1 0 1 0 1 0 1 
0 0 1 0 0 0 0 1 1 0 0 1 0 0 0 
0 1 1 1 0 1 0 0 1 1 1 0 1 1 0 
1 0 0 0 0 0 0 0 1 1 0 1 0 0 1 
1 0 0 1 1 1 0 0 0 0 0 1 1 0 0 
1 1 1 0 0 1 0 0 1 0 0 0 1 0 0 
0 1 0 0 0 0 0 0 1 1 1 1 0 0 0 
1 1 0 0 1 1 0 0 0 0 1 1 1 0 0 
1 1 1 0 1 0 1 0 0 1 1 1 1 0 0 
1 0 0 1 1 0 0 1 1 1 1 0 1 0 1 
1 0 0 1 0 1 1 1 0 0 1 1 1 0 1 
0 1 0 1 0 0 1 0 1 1 0 0 0 0 0 
1 1 1 0 0 0 0 1 1 1 0 0 1 1 0 
0 1 1 1 0 0 0 1 0 1 1 0 1 0 1 
0 0 0 1 0 0 1 1 1 0 1 1 1 1 1 
0 0 1 1 0 0 0 0 0 1 1 1 0 1 1 
1 1 0 1 1 1 1 1 1 1 1 1 1 0 1 
0 0 1 0 1 1 0 0 0 0 1 0 0 0 1 
0 0 0 1 0 0 1 0 1 1 1 0 1 0 1 
0 0 1 0 0 1 1 0 0 1 0 1 0 0 1 
0 1 0 0 1 0 0 0 0 0 1 0 1 0 0 
1 0 1 0 0 1 0 1 0 1 1 1 0 0 0 
0 0 1 1 1 1 0 1 0 1 0 0 1 0 1 
0 1 0 0 0 1 1 1 1 0 0 0 0 0 0 
0 0 1 1 1 0 1 1 0 0 1 0 0 0 1 
0 0 0 1 1 1 1 1 0 1 1 1 0 1 0 
0 1 0 1 0 0 0 1 0 1 1 0 0 1 0 
0 0 0 0 1 0 0 0 1 0 0 0 1 0 0 
0 1 1 0 1 0 1 1 1 1 1 1 0 1 0 
0 1 1 1 1 0 1 0 0 1 1 0 1 0 0 
1 0 0 0 0 1 1 0 1 1 1 1 0 0 1 
0 1 1 0 0 0 1 0 0 0 1 1 0 0 1 
1 0 0 0 1 0 0 1 0 0 1 0 0 0 1 
1 0 1 1 0 0 1 0 1 0 0 1 0 0 1 
1 0 1 1 0 0 1 0 0 0 0 0 1 1 0 
0 1 0 0 1 1 1 1 0 0 1 1 1 1 0 
0 1 0 0 1 0 1 0 1 1 0 0 0 1 0 
1 0 0 1 1 1 1 0 0 1 0 0 1 1 0 
1 1 0 1 1 1 1 1 0 1 0 0 0 1 0 
0 0 0 0 1 1 0 1 0 1 0 0 1 1 0 
1 0 0 1 0 0 0 1 1 1 0 1 0 0 1 
1 0 0 0 0 0 0 0 1 1 1 0 1 1 0 
0 1 1 0 0 0 1 0 0 0 0 0 0 1 1 
0 0 0 0 0 1 1 1 0 1 1 1 0 1 1 
1 0 1 0 1 0 0 0 1 0 0 0 1 0 0 
0 0 1 0 1 0 1 1 1 1 1 0 1 1 0 
0 0 1 0 1 0 0 1 1 0 0 1 1 1 0 
1 0 0 1 1 1 0 1 0 0 1 0 0 1 1 
0 1 1 0 1 1 1 1 0 0 1 0 1 0 1 
0 1 1 0 1 0 1 1 0 0 1 1 1 1 1 
1 0 0 1 0 1 0 0 1 1 1 0 0 1 0 
0 0 1 1 1 0 1 1 0 0 0 0 1 1 1 
0 1 1 0 0 1 0 1 0 0 1 0 1 0 1 
1 1 0 0 0 0 0 0 0 1 1 0 0 1 1 
1 1 0 0 0 1 0 0 0 1 1 1 0 0 1 
0 0 1 1 1 1 1 0 0 1 1 1 1 1 0 
1 0 0 1 1 1 1 1 0 1 1 0 0 0 1 
1 0 1 1 1 0 1 1 0 1 0 0 0 1 1 
1 1 1 1 0 1 1 1 0 0 1 1 1 0 1 
0 1 1 0 1 0 0 0 1 1 0 0 0 0 1 
1 0 0 0 1 1 1 1 1 1 1 1 1 0 1 
0 0 0 0 0 1 1 0 0 0 1 0 0 1 0 
1 0 1 0 0 1 1 1 0 1 1 0 1 0 1 
101 5 3
1 1 0 0 0 
1 1 0 1 1 
1 0 0 0 1 
1 0 0 0 1 
0 0 0 1 0 
0 1 0 1 1 
0 0 1 0 1 
0 1 0 0 0 
1 0 0 1 1 
0 1 0 0 1 
1 0 0 0 0 
0 0 0 1 0 
1 0 1 0 1 
0 0 0 0 1 
0 1 0 1 0 
1 0 1 0 1 
1 0 0 0 0 
0 0 0 1 0 
0 0 0 1 0 
0 1 1 1 0 
0 0 1 1 0 
0 1 0 0 1 
1 0 0 0 1 
1 0 0 0 1 
0 1 1 0 0 
0 0 1 1 0 
0 0 1 1 0 
0 1 1 0 0 
0 0 1 1 0 
0 0 1 0 0 
0 1 1 1 0 
0 1 1 1 1 
1 1 0 0 1 
1 0 0 1 1 
0 1 1 0 0 
1 1 1 0 0 
1 1 0 0 0 
0 0 0 0 1 
0 1 0 0 1 
1 1 0 1 1 
0 0 1 1 1 
0 0 0 1 0 
0 0 1 0 0 
0 1 0 0 1 
1 0 0 0 1 
0 0 0 0 1 
0 1 1 1 0 
1 0 1 0 1 
1 0 1 0 0 
1 0 1 1 0 
0 0 0 1 0 
0 0 0 0 1 
0 1 0 0 1 
0 1 1 1 0 
1 1 1 1 1 
0 1 1 0 0 
1 0 1 1 0 
0 0 1 1 1 
1 1 1 1 1 
1 1 1 1 0 
0 0 1 0 1 
0 0 1 0 0 
0 1 1 0 0 
1 0 0 0 1 
0 0 0 0 1 
0 0 0 1 0 
1 1 1 1 1 
0 1 0 0 0 
1 1 1 0 1 
1 1 0 0 0 
1 0 0 1 0 
0 0 1 0 1 
0 1 1 0 1 
1 0 0 0 0 
1 1 1 0 0 
1 0 1 0 0 
0 1 0 1 1 
0 0 1 1 1 
1 0 0 1 0 
1 0 1 0 0 
1 1 1 0 1 
0 0 0 0 1 
0 1 0 0 0 
1 1 1 0 1 
1 1 1 1 1 
1 1 1 1 1 
1 1 0 0 0 
1 1 0 1 1 
1 0 0 1 0 
0 1 0 1 1 
0 0 0 1 1 
0 0 0 0 1 
0 0 0 1 1 
0 0 0 1 1 
1 0 0 1 1 
1 0 0 0 1 
1 1 1 0 0 
0 0 1 1 0 
0 1 1 1 0 
1 0 1 1 0 
1 0 1 1 1 
18 12 12
0 0 0 0 0 0 0 0 1 1 0 0 
0 0 0 0 1 1 0 1 0 0 0 1 
1 1 0 0 0 0 0 0 1 1 1 1 
1 1 1 0 0 1 0 0 1 1 0 0 
0 1 1 1 1 0 0 1 1 1 0 0 
0 1 0 1 0 0 1 0 1 0 1 1 
0 1 1 1 1 0 0 1 0 1 1 1 
1 0 0 0 1 0 0 1 1 1 1 0 
0 0 1 0 0 1 1 0 1 0 0 1 
1 0 1 1 0 0 0 0 1 1 0 0 
0 1 1 1 1 1 1 1 1 0 0 1 
0 1 1 0 1 1 1 0 1 1 0 0 
1 0 1 0 0 0 0 1 1 0 1 0 
1 1 0 0 1 1 0 0 1 0 0 0 
0 0 0 0 1 0 0 0 1 0 1 0 
0 0 1 1 1 0 1 0 0 1 0 1 
1 0 0 1 0 1 1 0 1 0 1 1 
1 1 0 1 0 0 0 1 1 0 0 0 
187 13 3
1 0 1 1 1 0 0 1 1 0 1 0 1 
0 1 0 1 0 0 0 1 0 1 1 1 0 
1 0 0 1 0 0 1 1 1 0 1 1 0 
1 0 0 1 0 0 1 0 1 1 0 0 0 
1 1 0 1 0 1 1 1 0 0 1 0 1 
0 0 0 1 0 0 1 0 0 0 0 1 1 
1 1 0 1 1 1 1 0 1 0 0 0 1 
0 0 1 1 1 1 1 0 0 0 1 1 0 
1 1 1 0 1 1 0 1 0 0 1 0 0 
0 1 1 1 1 0 0 1 1 1 1 1 0 
0 0 0 0 0 0 1 1 1 0 0 1 1 
0 0 0 0 1 1 1 0 1 1 1 1 1 
0 0 1 0 0 1 0 0 1 1 0 0 1 
0 0 1 0 1 1 0 0 1 1 1 0 1 
1 0 0 1 1 0 0 0 0 1 1 1 0 
1 1 0 0 1 1 1 1 0 1 0 0 1 
0 1 0 1 1 0 0 1 1 1 1 1 0 
1 1 1 1 1 1 0 1 1 0 1 1 0 
1 0 1 0 0 0 0 1 0 1 1 1 0 
1 0 1 0 0 0 0 1 1 1 1 0 0 
1 0 1 1 0 1 1 0 1 1 1 0 1 
1 1 0 1 1 0 0 1 1 0 0 1 0 
1 0 1 1 1 0 0 1 1 1 0 0 0 
0 1 1 0 0 1 1 0 1 1 0 1 0 
0 0 0 1 1 1 1 0 1 1 0 0 0 
0 1 0 0 0 1 0 0 1 0 0 1 1 
0 0 0 0 0 0 1 0 1 1 1 1 0 
1 0 0 0 0 0 1 1 1 1 0 1 1 
1 0 0 0 0 0 0 1 0 1 1 1 0 
1 0 0 1 0 0 0 0 0 1 1 0 0 
0 0 1 0 0 0 0 0 1 0 0 1 1 
1 1 0 1 0 1 0 0 1 0 1 0 0 
0 1 0 0 0 0 1 0 1 0 1 1 1 
1 1 0 0 0 0 1 1 1 0 1 1 0 
0 1 0 1 0 1 1 0 0 1 0 0 1 
1 1 0 0 1 0 1 0 0 1 1 1 0 
0 0 1 1 0 1 1 0 0 1 1 0 0 
1 0 1 0 0 1 0 0 1 1 1 1 1 
1 0 0 0 1 0 1 0 0 1 1 1 0 
0 0 0 0 0 0 1 1 0 1 0 1 0 
0 0 1 1 1 1 0 0 0 0 0 0 0 
1 0 1 1 1 0 1 1 1 1 1 1 1 
0 1 1 1 0 1 0 1 1 1 0 1 0 
0 1 0 0 1 0 0 0 0 0 1 1 0 
1 1 1 1 0 0 0 1 1 1 0 0 1 
0 0 0 0 0 0 0 0 0 0 1 1 0 
0 0 0 1 0 1 1 1 0 1 1 0 1 
0 1 0 1 0 0 1 1 1 0 1 1 0 
1 0 1 1 0 0 1 0 1 1 0 0 1 
0 1 1 1 1 0 1 0 0 0 1 0 1 
0 1 0 0 0 0 0 0 0 1 1 0 1 
0 1 0 0 0 1 0 0 1 0 1 0 1 
0 0 0 0 1 0 1 1 1 1 0 1 1 
1 0 0 0 0 1 1 1 1 1 0 1 1 
0 1 1 0 0 1 1 1 0 0 0 0 0 
1 0 1 0 0 0 1 1 1 0 0 1 0 
1 0 0 0 1 0 0 0 1 0 1 1 0 
1 1 1 1 0 0 1 1 0 0 1 1 0 
0 0 0 0 0 1 1 1 0 0 0 1 1 
1 0 1 0 1 1 0 1 0 0 0 0 0 
1 0 1 0 0 1 0 1 0 0 1 1 1 
0 1 1 0 0 0 0 1 0 0 0 1 0 
0 1 1 1 1 1 0 1 0 1 1 0 0 
1 1 0 1 1 1 0 0 1 0 0 1 1 
0 0 0 1 0 0 0 1 0 1 0 1 1 
0 0 1 1 0 1 0 1 1 1 0 1 1 
0 0 0 1 1 0 1 1 1 0 1 0 0 
1 1 0 1 0 0 0 0 0 0 1 0 0 
0 0 0 0 1 1 0 0 1 0 0 1 1 
1 1 0 0 0 1 1 0 1 0 0 1 1 
1 0 1 1 0 1 0 1 1 1 1 1 1 
0 1 1 0 0 0 1 1 0 1 1 0 0 
1 0 0 1 0 1 0 0 1 1 0 0 1 
0 0 0 1 0 0 1 0 0 0 1 0 1 
0 0 0 0 0 0 0 0 1 1 1 0 1 
1 0 1 1 0 1 0 0 0 0 0 0 1 
0 0 1 0 1 1 1 1 1 1 1 0 0 
1 0 0 0 1 1 1 0 0 1 1 0 1 
0 1 0 1 0 0 0 1 0 1 1 0 1 
0 1 0 1 1 1 1 0 1 1 0 0 1 
0 0 1 1 0 1 1 0 0 0 1 0 0 
1 0 0 1 0 1 1 0 0 1 1 1 1 
0 1 1 1 0 1 1 1 0 0 0 1 0 
0 1 1 1 0 1 1 1 1 1 1 0 1 
1 1 1 1 0 1 1 1 0 1 0 0 1 
0 1 1 0 1 0 1 1 0 1 0 0 1 
1 0 0 0 0 0 0 1 0 0 0 0 0 
1 0 0 1 1 1 1 1 0 1 1 0 0 
0 1 0 0 1 1 1 0 0 1 0 1 0 
0 1 0 1 0 0 0 1 1 1 0 1 0 
1 1 0 0 0 0 1 1 1 1 0 0 1 
0 0 1 1 1 1 1 1 0 1 1 1 0 
1 1 0 0 1 0 0 1 1 0 1 1 0 
1 1 0 1 1 0 1 0 0 0 0 1 1 
1 1 1 0 0 0 0 1 1 0 1 1 0 
0 0 0 0 0 0 1 1 1 0 0 1 1 
0 0 0 1 1 0 0 1 1 1 0 1 0 
1 0 1 1 1 0 1 0 0 0 0 1 1 
0 1 0 1 1 0 1 0 0 0 1 0 1 
1 1 0 0 1 1 1 0 1 1 1 0 1 
1 0 0 1 0 1 0 0 0 0 1 1 1 
0 1 0 0 1 0 1 1 1 1 1 0 1 
1 0 0 0 0 0 0 1 1 1 1 0 0 
1 0 1 1 1 1 0 1 0 0 0 0 0 
1 1 0 1 1 1 1 1 0 0 1 1 1 
1 0 1 0 0 1 1 1 0 0 0 1 1 
1 1 0 1 0 1 1 1 0 0 1 1 0 
1 0 1 0 1 1 0 0 0 1 1 0 0 
1 1 1 1 0 0 1 1 0 0 1 0 1 
1 1 1 1 1 0 0 1 1 0 1 0 1 
0 1 1 0 0 1 0 0 1 1 0 1 0 
0 0 1 0 0 1 1 0 0 1 1 0 1 
1 0 0 1 0 0 0 0 0 0 0 1 0 
1 0 0 1 0 0 0 0 0 0 1 0 1 
1 0 1 1 1 1 0 0 0 1 1 1 1 
1 1 1 1 0 1 0 0 1 1 1 0 1 
0 0 0 0 0 0 1 0 0 0 0 0 0 
1 1 0 0 1 0 0 1 1 0 1 1 0 
1 1 0 0 1 1 1 0 1 0 0 1 0 
0 1 1 1 1 1 0 0 1 1 1 0 1 
0 1 0 1 1 0 1 0 1 0 1 1 1 
1 0 1 1 0 0 1 0 1 1 1 0 0 
1 1 1 1 0 0 0 1 1 0 1 0 1 
1 0 0 1 0 1 1 1 0 1 1 1 1 
0 0 1 0 1 0 0 0 1 1 1 1 1 
1 0 1 0 0 0 1 0 0 1 1 1 0 
1 0 0 0 0 1 1 0 0 0 0 0 0 
0 1 0 0 0 1 1 0 0 1 1 0 0 
1 0 0 0 0 0 1 1 1 0 1 0 1 
0 1 0 0 1 0 1 0 0 1 1 0 0 
0 0 0 1 0 0 0 0 0 1 0 0 0 
0 1 1 0 0 0 0 0 1 1 1 0 1 
1 1 1 0 0 1 1 0 1 0 0 0 1 
1 0 1 1 1 1 0 0 1 1 0 0 0 
0 0 1 0 0 0 1 1 0 1 0 0 0 
0 1 0 0 1 0 0 1 1 0 1 0 1 
1 1 1 1 1 1 1 0 0 1 1 0 1 
1 0 0 0 1 0 1 1 0 0 0 0 1 
0 0 1 0 0 1 0 1 0 1 0 0 0 
1 1 0 1 1 1 0 0 0 0 0 1 0 
1 1 1 0 1 0 0 1 1 0 1 1 1 
0 0 0 1 1 1 1 0 1 1 1 0 1 
1 0 0 0 0 1 0 1 1 1 0 1 1 
0 0 0 0 0 0 0 1 0 1 0 1 1 
1 0 0 1 0 1 1 1 0 1 0 0 0 
0 1 1 1 1 0 1 1 1 1 1 1 1 
0 1 1 1 1 0 1 0 1 0 1 1 0 
1 0 1 0 0 1 0 1 1 1 0 1 1 
0 1 1 1 0 0 1 1 1 0 1 0 0 
0 1 1 1 0 1 0 0 1 1 0 1 0 
0 0 0 0 0 1 1 0 1 0 1 1 1 
0 1 0 1 0 0 0 0 0 0 1 0 1 
1 0 0 1 0 1 1 0 0 0 0 1 0 
0 0 0 1 1 0 0 1 0 0 1 1 0 
1 1 0 1 0 1 1 0 0 0 0 1 1 
0 1 1 0 0 1 1 1 0 0 0 1 1 
1 0 0 1 1 0 0 1 1 0 0 0 1 
1 0 1 1 0 1 1 1 1 0 0 1 0 
0 1 0 0 1 1 0 0 0 1 1 1 0 
1 1 0 1 1 0 0 1 0 1 0 0 1 
1 0 0 0 0 0 0 1 1 0 1 0 0 
1 1 0 0 1 1 1 1 0 0 1 0 1 
1 0 1 0 1 1 0 1 1 1 1 1 1 
1 1 0 0 0 0 1 0 0 0 0 0 0 
1 0 0 0 1 0 1 0 1 0 0 1 0 
0 0 1 0 1 1 0 0 1 1 0 0 0 
0 0 0 1 0 1 1 0 0 1 1 1 0 
0 1 0 0 0 0 1 1 1 0 1 1 0 
0 1 1 1 1 1 0 1 0 1 1 0 1 
1 0 1 0 1 1 1 1 1 1 1 0 0 
1 0 1 1 0 0 0 0 0 0 1 0 1 
1 0 0 0 0 1 1 1 0 1 1 1 0 
1 1 1 0 0 0 0 1 0 1 0 1 1 
1 1 1 0 1 0 0 0 0 1 0 1 1 
1 1 0 1 1 1 1 1 1 0 0 0 0 
0 1 0 1 1 1 0 1 0 1 1 1 1 
0 0 1 0 1 1 0 0 1 1 0 1 1 
1 0 0 0 0 1 1 1 0 0 0 1 1 
1 0 0 0 1 1 0 0 0 1 0 1 1 
0 0 1 0 1 0 1 0 0 1 0 0 1 
0 1 1 1 1 0 0 0 0 1 1 0 1 
0 1 0 1 0 1 0 1 0 0 1 0 0 
1 0 1 0 1 1 1 0 1 1 1 0 1 
0 0 0 0 1 1 0 1 1 0 0 0 0 
0 0 1 1 1 0 0 0 1 0 1 1 0 
0 0 1 1 0 1 1 0 1 1 1 1 1 
1 1 0 0 0 1 1 1 0 0 1 0 1 
46 9 6
0 0 0 1 0 0 1 0 0 
0 1 1 1 1 0 0 0 0 
1 0 0 0 0 0 0 1 0 
0 1 1 0 0 1 1 0 1 
0 0 0 0 1 1 0 0 1 
1 0 1 1 1 1 0 0 1 
1 0 0 1 0 0 1 0 1 
1 1 0 1 0 1 1 0 0 
0 1 0 1 1 1 1 0 1 
1 0 1 1 0 1 1 1 1 
1 1 0 0 1 0 1 0 0 
1 1 0 0 1 0 1 0 0 
0 1 1 1 0 0 1 1 1 
1 0 1 0 1 1 1 1 0 
0 0 0 0 1 0 0 0 1 
0 1 1 0 1 0 1 0 1 
1 1 0 0 0 0 1 1 0 
1 0 0 1 0 1 0 1 0 
1 1 1 1 1 1 0 0 1 
1 0 1 1 1 1 0 0 0 
0 1 1 1 1 0 1 1 1 
0 1 1 1 1 0 1 0 0 
0 0 0 1 1 0 0 0 0 
1 1 0 0 0 1 0 0 1 
0 1 0 1 1 0 0 1 0 
1 1 0 0 0 0 1 1 0 
0 0 0 1 0 1 0 0 0 
1 0 1 0 1 0 0 0 1 
0 1 1 0 1 1 0 1 0 
1 1 1 0 1 0 0 0 1 
1 1 1 0 0 1 0 0 0 
0 0 0 0 1 0 0 0 0 
0 0 0 0 1 0 0 0 1 
1 1 0 1 0 0 1 1 1 
0 0 1 0 0 1 1 0 1 
1 1 0 1 1 1 0 0 1 
0 0 0 0 1 1 1 0 1 
0 1 0 0 0 0 0 0 0 
1 0 0 0 0 1 0 1 0 
1 1 0 0 1 0 1 1 0 
0 0 0 1 0 0 0 1 1 
1 0 0 1 1 1 1 0 1 
1 1 0 1 1 0 1 0 1 
0 0 1 0 0 1 0 0 1 
0 1 0 0 0 1 0 1 0 
1 1 0 1 0 1 0 1 1 
74 12 2
1 1 1 0 1 1 1 1 1 1 1 0 
0 1 1 1 1 1 1 0 1 1 0 0 
1 1 0 1 0 0 1 1 0 1 0 1 
0 0 1 0 1 0 1 1 1 0 1 1 
1 1 0 0 1 1 1 1 0 1 1 1 
1 1 0 0 0 1 1 0 1 1 0 1 
1 1 1 0 0 0 0 1 1 0 0 0 
0 1 1 0 0 0 1 1 0 1 0 0 
1 0 1 0 1 1 1 0 1 0 0 0 
1 1 0 1 0 0 0 1 1 0 1 0 
0 0 1 0 1 0 0 0 1 1 0 0 
0 0 0 0 1 1 0 1 0 1 0 1 
1 1 0 1 0 0 0 0 1 1 1 1 
0 0 0 1 0 1 0 1 0 1 0 1 
1 0 1 1 1 0 0 0 1 1 0 0 
0 0 0 0 0 0 1 1 1 1 0 0 
0 1 0 0 0 0 1 0 0 0 0 1 
0 0 1 0 1 0 1 1 1 1 1 0 
1 1 0 1 0 1 1 0 1 1 0 0 
1 0 1 0 0 0 0 1 1 1 1 0 
1 0 0 1 0 1 0 1 0 1 1 0 
0 0 1 0 0 0 0 1 1 1 1 0 
1 0 1 0 0 1 0 1 1 0 1 1 
0 0 1 1 0 0 0 1 0 0 0 1 
0 0 1 0 1 1 1 1 1 1 1 1 
0 1 1 0 0 0 0 0 1 0 0 1 
0 1 1 0 1 0 1 1 0 0 1 1 
0 0 0 0 1 1 0 1 0 1 0 0 
1 0 1 0 0 1 1 0 0 0 1 0 
1 0 0 1 0 0 1 0 0 0 0 0 
0 0 0 1 1 1 1 0 0 0 0 1 
0 1 1 1 1 1 0 0 1 0 0 0 
0 1 1 0 0 0 1 1 1 0 0 0 
1 1 1 1 0 0 1 0 1 0 1 1 
0 0 0 1 1 0 1 1 1 0 1 0 
1 0 0 0 0 1 1 1 1 1 0 1 
0 0 0 1 1 1 1 1 1 1 0 0 
0 0 1 1 0 1 0 0 1 1 1 0 
1 1 1 0 1 1 0 1 0 0 1 1 
1 0 1 0 1 1 0 0 1 0 1 1 
0 1 0 1 0 1 0 0 1 0 0 0 
1 1 0 1 1 1 0 1 1 1 1 0 
1 1 0 0 0 0 1 0 0 0 0 1 
1 1 1 1 1 1 1 0 1 1 1 0 
1 1 1 0 1 0 0 0 1 1 1 1 
0 1 1 1 0 1 0 1 1 1 1 0 
1 0 0 1 0 0 1 0 1 1 1 1 
1 1 0 0 1 0 1 0 1 1 0 0 
0 0 0 1 1 0 1 0 0 1 1 0 
0 0 0 1 0 1 1 0 0 0 1 0 
0 0 0 1 0 1 1 0 1 0 1 0 
0 0 1 1 1 0 1 0 1 0 0 1 
0 0 1 0 0 1 0 1 1 1 1 1 
0 0 0 1 0 0 1 1 0 0 1 0 
0 1 0 0 0 1 1 1 0 0 1 1 
0 1 0 0 1 1 1 1 1 0 1 1 
1 1 0 1 1 0 1 1 0 0 0 0 
0 1 1 1 1 0 0 0 1 0 1 1 
1 0 0 0 0 1 0 1 0 0 1 1 
0 1 0 1 0 1 0 1 1 0 0 1 
1 0 0 1 0 1 1 0 1 1 0 1 
0 0 1 0 0 1 0 1 0 1 1 0 
0 1 1 1 0 1 1 1 1 1 1 1 
1 1 1 0 1 0 1 1 1 0 1 0 
1 1 1 0 1 1 0 1 1 1 0 0 
1 0 1 0 0 1 0 1 0 0 1 1 
0 0 0 1 0 1 1 0 1 0 1 1 
0 0 1 1 0 1 0 1 1 0 1 1 
0 1 1 1 1 0 1 0 1 0 1 1 
0 0 1 0 0 0 1 1 0 1 0 0 
1 0 0 1 1 1 1 1 0 1 0 0 
0 1 1 0 0 0 0 0 1 1 1 1 
1 0 1 0 1 1 0 1 0 0 1 0 
1 0 1 1 0 1 0 0 1 1 0 0 
137 9 3
1 1 0 1 1 1 1 1 0 
0 0 1 0 0 1 0 0 0 
1 0 1 1 1 1 0 1 1 
1 1 0 0 1 1 1 1 0 
1 1 0 1 1 1 1 1 0 
0 1 0 0 1 0 1 1 0 
1 0 0 1 1 0 0 0 0 
0 1 0 0 1 0 1 0 1 
1 1 0 1 1 1 0 1 0 
1 1 1 0 1 0 1 1 0 
1 1 0 1 0 1 0 1 1 
0 1 1 1 0 1 1 1 1 
0 0 1 1 1 0 1 1 0 
0 1 0 0 0 1 0 1 0 
0 0 1 0 0 1 1 0 1 
1 1 1 0 0 0 1 0 0 
1 0 0 0 0 0 0 0 0 
1 1 0 0 1 1 0 1 0 
0 0 0 1 1 0 0 0 1 
0 1 0 0 1 0 0 1 1 
1 1 0 1 0 0 1 1 1 
1 1 1 1 0 1 0 1 0 
1 1 0 1 0 1 1 0 0 
1 0 1 0 1 0 1 1 1 
0 0 1 1 0 0 0 0 1 
0 0 1 0 0 1 1 1 0 
1 0 1 0 0 0 1 1 0 
1 0 0 1 1 1 0 1 1 
0 1 0 1 0 1 0 1 1 
0 1 0 0 0 0 1 1 0 
0 0 0 1 1 1 1 1 0 
0 1 1 1 0 0 1 1 0 
1 1 1 1 1 0 1 0 0 
0 1 1 0 1 0 1 0 0 
1 1 0 0 0 1 1 1 0 
0 0 0 1 0 1 1 1 0 
1 1 1 0 1 0 1 0 1 
0 0 0 0 0 1 1 1 0 
1 1 1 0 0 1 0 1 0 
1 1 0 1 0 0 0 1 1 
1 1 0 0 1 1 1 1 0 
0 0 0 1 0 0 1 0 1 
0 0 1 0 1 1 0 0 0 
1 1 1 0 0 1 1 0 0 
1 0 1 0 1 1 0 0 0 
1 1 0 1 1 1 1 1 0 
0 1 1 1 0 0 0 1 0 
1 1 1 1 0 0 0 0 0 
0 1 0 1 1 1 1 1 0 
0 1 0 1 0 0 0 0 0 
0 1 1 0 1 0 0 0 1 
1 1 0 1 0 0 0 0 0 
1 0 1 1 1 1 0 1 0 
0 0 0 0 0 0 0 1 1 
1 1 1 0 0 1 1 1 0 
0 0 1 0 0 1 0 1 0 
1 1 1 1 1 1 0 1 0 
0 0 1 0 1 0 0 1 0 
0 0 0 0 0 0 0 1 0 
1 0 1 1 0 0 0 0 1 
1 0 0 1 1 1 0 1 1 
0 0 1 1 0 0 1 1 1 
0 1 1 1 0 1 0 1 1 
1 1 0 0 1 1 1 1 0 
0 1 0 1 1 1 1 0 0 
1 0 0 1 0 0 1 1 0 
0 1 0 0 1 0 1 0 1 
1 0 1 0 1 0 0 0 0 
0 0 1 1 1 0 0 1 1 
0 1 0 1 0 0 1 1 0 
0 0 1 1 0 1 0 1 1 
1 0 1 0 1 0 0 0 0 
0 1 0 0 0 0 1 0 1 
1 0 1 0 1 0 1 0 0 
1 0 0 1 1 0 1 1 1 
1 0 0 1 0 0 1 0 0 
1 1 1 0 0 0 0 1 0 
0 0 1 1 0 0 0 0 0 
0 0 1 1 1 1 0 1 0 
0 0 1 0 0 1 1 1 1 
1 0 1 0 0 0 0 0 1 
1 1 1 0 0 0 1 1 1 
1 0 1 1 1 1 1 1 0 
0 1 0 1 1 0 1 1 1 
1 0 1 1 1 1 1 0 1 
0 1 0 1 1 0 1 0 0 
0 1 0 0 0 0 1 0 1 
0 1 0 0 0 0 0 1 0 
1 1 0 0 0 1 1 1 1 
1 0 0 1 0 1 0 0 1 
1 0 0 1 1 0 1 0 0 
1 0 0 1 1 0 0 1 1 
1 1 0 0 0 1 1 1 0 
1 0 1 0 0 1 1 0 1 
1 0 0 1 1 0 1 1 1 
1 1 0 1 1 0 1 0 1 
1 1 0 1 1 1 1 1 0 
0 1 0 1 1 1 0 1 0 
0 0 0 0 0 0 1 0 0 
1 0 1 1 0 0 0 0 0 
0 1 1 1 1 1 0 1 0 
0 0 0 1 0 0 0 0 0 
0 1 1 1 0 1 1 0 0 
0 0 1 1 0 0 0 0 0 
1 0 0 0 0 1 0 1 1 
1 1 0 0 1 0 0 0 1 
1 1 0 1 1 0 1 1 0 
0 1 1 0 1 1 0 1 1 
1 0 1 0 0 0 0 0 1 
1 0 1 1 1 1 1 0 1 
0 1 0 0 1 1 0 0 1 
1 1 1 0 0 0 0 1 1 
1 1 1 0 0 0 0 1 0 
0 0 0 0 0 1 1 1 1 
0 1 1 1 1 1 0 1 0 
0 1 1 0 0 1 1 0 0 
0 0 0 1 0 0 0 1 1 
0 0 0 1 0 1 0 0 1 
0 0 1 1 1 0 1 1 0 
1 1 1 1 1 1 1 0 1 
0 0 0 0 0 0 1 1 1 
0 0 0 0 1 0 0 0 1 
0 0 0 0 1 1 1 1 0 
0 0 0 1 0 1 1 0 1 
0 1 0 0 0 0 1 1 0 
0 1 1 0 1 1 0 1 1 
1 1 0 0 1 1 1 0 0 
1 0 1 0 0 1 0 0 1 
1 0 0 0 0 0 1 1 1 
1 0 1 1 0 1 0 1 0 
1 0 0 0 1 1 0 0 0 
0 0 1 1 1 0 1 1 0 
0 0 1 1 0 0 1 1 1 
1 1 1 1 0 0 0 0 0 
1 0 0 1 0 1 1 1 1 
0 0 1 1 1 1 1 1 1 
1 1 0 0 0 1 0 0 1 
40 10 2
0 1 0 1 1 1 0 1 0 1 
1 1 1 1 0 1 1 1 1 1 
1 0 1 1 0 1 1 1 0 0 
1 1 0 0 0 0 0 1 0 1 
0 1 0 0 0 0 0 1 1 1 
1 0 1 1 0 0 0 1 0 0 
1 1 0 1 0 1 1 1 1 1 
1 0 0 1 1 1 1 0 1 1 
0 1 1 1 0 0 0 0 1 0 
1 1 0 0 0 1 1 0 1 1 
1 0 1 0 0 0 1 1 1 0 
1 1 1 1 1 0 1 0 1 1 
0 1 1 1 0 1 1 0 1 0 
0 0 1 1 1 1 0 1 0 0 
1 1 0 0 1 0 1 1 0 1 
0 1 0 0 1 1 1 0 1 0 
1 0 1 0 0 0 0 0 1 0 
0 0 1 1 0 0 1 0 0 1 
0 1 0 1 0 0 1 0 0 1 
1 1 1 0 0 1 1 0 0 1 
1 0 0 0 0 1 0 1 0 1 
0 0 0 1 0 1 1 1 0 0 
1 1 1 0 1 1 0 0 1 1 
1 0 1 0 0 0 0 0 0 0 
0 1 1 0 1 0 1 1 0 0 
0 1 0 1 0 1 1 0 0 0 
1 0 1 1 0 1 1 0 0 0 
0 1 0 1 1 1 1 0 1 0 
0 0 1 0 1 0 0 0 1 1 
0 1 1 1 0 1 1 1 0 1 
0 1 0 1 1 0 0 0 0 1 
1 1 1 1 1 0 1 0 0 0 
0 1 0 1 0 1 1 1 1 0 
1 0 1 0 0 0 0 1 0 0 
0 0 0 0 0 0 0 0 0 1 
0 1 1 1 0 1 0 1 0 1 
1 1 0 1 0 0 0 0 0 0 
1 1 1 1 0 1 0 0 0 0 
0 0 1 1 1 1 0 1 1 1 
1 1 0 1 0 0 0 0 0 0 
159 20 2
1 0 0 0 0 0 1 0 0 1 0 1 1 0 0 1 1 0 0 0 
1 0 1 1 1 0 1 0 0 1 1 0 0 1 1 0 1 1 1 0 
0 0 0 1 1 1 1 1 0 0 1 1 0 0 1 0 0 0 1 0 
0 0 1 1 1 1 1 0 1 0 0 1 0 0 0 1 0 1 0 0 
0 1 1 0 0 0 0 1 1 1 0 1 1 0 1 0 0 0 1 0 
1 0 0 0 0 0 0 0 1 1 1 0 1 1 0 1 1 0 1 1 
0 1 1 1 0 1 0 1 1 0 1 0 1 0 1 1 0 1 0 0 
1 0 1 1 0 1 0 0 0 1 0 0 0 0 1 0 1 0 1 0 
1 0 1 1 1 1 1 0 1 1 0 1 0 0 1 1 1 1 0 1 
0 0 1 0 0 1 0 0 0 0 0 1 1 1 1 1 1 1 0 1 
0 0 0 1 1 0 0 0 0 0 1 1 1 1 1 0 1 1 1 1 
1 0 0 0 1 1 0 1 0 1 0 0 1 1 0 0 1 0 1 0 
0 1 1 0 1 0 1 0 1 1 1 1 0 1 0 1 1 0 0 0 
1 0 1 0 0 0 0 0 0 1 0 1 0 1 1 1 1 0 0 1 
1 0 0 0 0 1 0 1 0 1 1 0 0 1 1 1 0 0 0 1 
0 1 1 1 0 1 0 1 1 1 0 1 1 0 0 1 0 1 0 0 
0 0 0 1 1 1 0 0 1 0 1 0 0 1 1 1 0 0 0 0 
1 0 1 1 1 1 0 0 0 1 1 0 1 0 0 1 0 0 1 1 
1 1 0 1 0 0 1 1 1 1 0 0 1 0 1 1 0 0 0 1 
0 0 1 1 1 0 1 0 1 1 1 1 1 0 0 0 0 0 1 1 
1 0 1 0 0 0 0 1 0 1 0 0 0 0 0 1 1 1 1 1 
1 0 1 0 1 0 1 1 1 0 0 1 0 0 1 0 1 1 0 1 
1 1 0 1 1 0 0 0 0 0 1 1 1 0 1 0 1 0 0 0 
0 0 1 1 0 1 1 1 0 0 1 1 1 1 1 0 0 1 0 0 
0 0 0 0 1 1 1 0 0 0 1 1 0 1 0 0 0 0 0 1 
1 0 1 0 1 0 1 1 1 0 0 1 1 0 1 1 1 0 0 0 
0 1 0 0 0 1 0 1 0 1 0 1 0 1 0 1 0 1 1 0 
0 0 1 1 1 0 1 0 0 0 1 1 0 0 1 1 1 1 0 0 
0 0 1 1 0 0 1 0 0 0 0 1 1 1 0 1 1 1 0 1 
0 0 0 0 0 0 1 1 0 0 0 0 0 1 0 1 1 1 1 0 
1 0 1 1 1 0 0 1 0 0 0 0 1 1 0 1 0 0 0 0 
0 1 0 1 0 1 0 1 1 0 1 1 1 1 0 0 0 1 1 1 
1 0 0 0 0 1 0 1 1 1 0 0 0 1 1 1 1 0 0 0 
1 0 1 1 1 1 1 0 0 1 1 1 1 0 1 1 1 1 0 1 
1 0 0 1 0 1 0 0 0 1 0 0 0 0 1 0 0 1 0 1 
0 0 1 1 1 1 0 0 1 0 1 0 1 1 1 1 0 1 0 0 
0 1 0 0 0 0 0 0 0 0 1 1 1 1 0 1 0 0 1 1 
0 1 0 1 1 1 1 0 0 0 0 1 1 0 0 1 1 0 1 0 
1 1 0 0 1 1 1 1 1 1 0 1 0 1 1 0 1 0 1 0 
1 0 0 0 1 0 1 1 0 1 1 0 1 1 1 0 0 0 0 0 
1 1 1 0 0 1 1 0 0 0 1 0 1 1 0 1 1 1 0 0 
1 1 0 1 0 0 0 0 1 1 0 0 0 0 0 0 0 0 1 1 
0 0 0 1 0 0 1 1 1 1 0 0 0 1 0 0 1 0 1 0 
0 0 0 1 0 1 1 1 0 1 1 1 1 1 1 1 1 0 0 1 
1 1 0 1 1 0 1 1 1 0 1 1 1 0 0 1 0 0 0 1 
1 1 1 0 0 1 0 1 1 0 1 1 0 0 0 1 1 1 1 1 
0 0 1 1 0 1 0 0 0 0 1 1 0 0 0 0 1 0 0 1 
0 1 1 1 0 1 0 0 1 1 0 1 0 1 0 1 0 0 1 0 
0 0 0 1 1 1 1 1 0 1 0 1 0 1 1 0 0 0 0 1 
1 1 0 0 0 0 0 0 1 0 0 1 1 0 0 0 0 0 1 1 
0 0 1 1 0 1 1 1 0 0 0 0 1 0 1 1 0 1 1 0 
1 0 0 1 1 1 0 0 1 1 0 0 1 0 1 0 0 0 0 0 
0 0 1 1 1 0 1 0 0 0 0 0 0 1 1 0 0 1 1 0 
0 0 0 0 0 1 0 0 0 1 0 0 1 1 0 0 0 0 1 0 
1 0 0 0 0 1 1 1 1 1 1 0 0 1 1 0 1 1 1 0 
0 1 0 1 1 0 0 1 0 0 0 1 1 1 1 1 0 1 0 0 
1 1 0 1 0 1 0 0 0 0 1 0 1 1 1 1 0 1 1 0 
1 0 1 1 1 0 0 1 1 1 1 1 0 0 1 1 0 1 1 0 
0 0 0 1 0 0 1 0 1 1 1 1 0 1 0 0 1 0 0 1 
0 1 0 0 0 1 1 1 0 0 0 0 1 0 1 1 1 1 1 0 
1 0 1 1 0 0 1 0 1 1 1 0 1 0 1 1 1 0 1 1 
0 0 1 0 0 1 1 0 0 1 0 1 0 0 0 0 1 1 1 1 
0 1 0 1 0 1 0 0 1 1 1 0 1 0 1 1 1 0 0 1 
1 0 0 1 0 0 0 1 1 0 1 1 0 0 0 1 0 0 0 1 
1 1 1 0 0 1 0 0 0 1 1 1 1 1 1 0 1 1 0 1 
1 0 0 1 1 0 1 0 1 1 1 1 0 0 1 0 1 0 0 1 
0 1 1 0 1 1 1 1 1 0 1 0 1 1 0 1 0 0 0 1 
1 1 1 0 0 1 1 1 0 0 1 1 1 1 0 1 1 1 1 0 
1 0 1 0 1 0 1 0 1 1 0 0 1 0 0 0 1 1 1 0 
1 1 0 0 1 0 0 0 1 0 1 0 0 1 1 1 1 0 1 1 
0 1 1 0 0 1 1 1 0 1 1 0 0 0 0 0 0 1 0 1 
1 1 1 0 0 1 0 1 0 0 0 0 0 1 1 1 0 0 1 1 
1 0 1 1 0 1 0 1 1 0 1 0 1 1 0 0 1 1 0 1 
1 1 0 1 0 1 1 0 0 1 0 0 0 1 1 0 0 1 0 1 
1 0 0 1 0 0 0 0 1 1 0 1 0 0 1 0 0 1 0 1 
1 1 1 0 0 1 0 1 0 0 0 0 0 1 0 0 1 1 0 1 
1 0 0 1 1 0 1 1 0 1 1 1 0 1 1 1 1 1 1 0 
0 1 1 0 0 0 1 1 0 0 1 0 0 1 1 1 0 1 0 1 
1 0 1 0 1 1 0 0 0 1 1 1 1 1 0 0 0 1 1 0 
1 1 1 1 0 1 0 1 0 0 1 0 0 0 0 1 1 1 1 1 
1 0 0 0 1 1 1 0 0 1 1 0 1 1 1 1 1 1 1 1 
1 1 1 0 0 0 0 0 0 0 0 1 0 0 0 1 0 0 1 0 
0 1 0 1 0 1 0 0 1 1 1 1 1 0 1 1 0 0 0 0 
0 0 0 1 0 1 0 0 1 0 1 0 1 1 0 0 0 0 1 0 
1 0 1 1 1 0 1 1 0 1 1 1 0 0 0 1 1 1 1 1 
0 0 1 0 1 1 0 0 0 1 0 1 1 0 1 1 0 0 1 0 
0 0 1 1 0 1 0 1 1 0 0 0 0 1 0 0 0 0 1 1 
0 0 1 1 1 0 1 0 0 0 0 0 0 0 1 0 0 0 1 0 
1 1 1 0 1 0 1 0 1 0 1 1 1 0 1 1 0 0 1 0 
1 0 1 1 1 0 0 0 1 0 0 1 1 1 0 1 1 1 0 1 
1 0 1 1 1 0 1 1 0 1 1 0 0 1 1 1 0 1 0 0 
1 0 1 0 1 1 1 1 1 0 0 0 0 1 0 0 0 0 0 0 
0 0 1 1 1 1 0 1 1 0 0 0 0 1 0 0 0 1 0 0 
1 1 0 1 0 0 0 0 1 0 0 0 1 1 1 1 0 1 1 1 
0 1 0 1 1 1 0 1 0 0 1 0 1 0 0 1 1 0 0 0 
0 1 1 0 0 1 1 0 1 0 1 1 0 1 1 1 0 1 0 1 
0 1 0 1 0 0 0 0 1 0 0 0 1 0 1 0 1 0 1 1 
1 1 0 1 1 0 0 1 0 0 1 0 0 1 1 1 1 1 1 0 
1 1 1 0 1 1 0 0 0 1 1 0 1 1 0 1 1 0 1 1 
1 1 0 0 0 1 0 1 0 0 0 1 0 0 0 0 0 0 0 1 
1 0 1 0 1 1 0 1 0 0 1 1 1 1 1 1 1 0 0 1 
1 1 0 0 0 1 1 0 0 0 1 0 0 0 1 1 1 0 1 1 
1 1 1 0 1 1 0 1 1 1 0 1 0 0 0 1 1 1 1 0 
0 1 1 1 1 0 0 0 1 0 1 0 1 1 1 0 1 0 0 1 
1 0 1 1 1 1 0 1 1 1 0 1 0 0 0 1 0 1 1 1 
0 0 0 0 0 0 1 0 1 1 0 1 1 0 1 1 1 0 0 0 
1 0 1 1 1 0 1 0 0 0 0 0 0 0 0 0 0 1 1 0 
0 1 0 0 1 0 0 1 1 0 1 1 0 1 1 1 1 0 1 0 
0 1 0 1 1 1 1 0 1 0 1 1 1 0 1 1 0 1 1 1 
1 0 0 0 0 1 1 0 0 1 1 1 0 1 0 1 0 1 0 1 
0 0 1 1 0 1 0 0 0 0 1 1 1 1 1 1 1 1 1 0 
1 1 1 1 0 0 0 0 0 0 0 0 0 0 1 0 1 1 1 1 
1 0 1 0 1 1 1 0 1 1 1 1 0 1 1 0 1 1 1 1 
1 1 1 1 1 1 1 0 0 1 1 1 0 0 1 0 0 1 1 1 
1 0 1 1 0 1 0 0 1 0 1 1 1 0 1 1 1 0 1 1 
1 0 1 1 1 0 1 0 1 0 1 1 0 0 1 0 1 0 1 1 
0 0 1 0 1 0 0 0 0 0 1 0 1 1 1 1 0 1 1 1 
0 1 1 0 1 0 1 1 1 0 0 0 1 0 0 0 1 1 1 0 
1 0 1 1 1 1 0 0 0 1 1 1 1 1 0 0 0 0 0 0 
1 0 0 1 0 1 0 1 1 0 0 0 0 0 1 1 1 0 1 0 
1 0 1 0 0 0 1 0 1 0 1 1 1 1 0 1 1 0 0 1 
1 1 1 0 1 1 0 0 1 1 0 1 0 1 1 1 1 1 1 0 
0 0 1 1 1 1 1 1 1 1 1 0 0 0 1 0 1 1 1 1 
1 1 1 1 1 1 1 1 1 0 1 0 1 1 0 0 0 1 1 0 
0 1 1 0 1 1 1 0 0 0 1 0 0 1 1 0 0 1 1 0 
1 0 1 0 1 1 0 0 1 1 0 1 1 1 1 0 0 0 1 0 
1 1 0 1 1 0 1 0 0 0 0 1 1 1 1 1 0 0 0 1 
1 0 1 0 0 0 1 0 1 0 1 1 0 1 0 0 0 1 0 1 
1 0 1 0 1 0 0 1 0 0 1 0 0 0 1 0 1 1 0 0 
0 1 0 1 1 0 0 0 1 1 0 0 0 1 1 1 0 0 1 0 
1 0 0 1 0 0 1 0 1 1 1 0 0 0 0 1 1 0 1 1 
0 0 1 1 1 1 0 0 0 0 1 1 0 1 1 0 1 1 1 0 
0 1 0 0 1 1 1 1 0 0 1 0 0 1 1 1 0 1 0 1 
1 1 0 0 0 0 0 0 1 0 0 1 0 0 0 0 1 1 1 0 
1 0 1 0 1 0 0 1 0 1 0 0 0 1 0 1 1 0 1 1 
1 0 0 1 0 1 1 0 1 0 1 0 0 1 0 1 1 0 0 1 
1 1 1 1 1 1 1 0 1 1 0 1 1 0 0 0 1 0 0 1 
0 0 0 1 1 0 0 1 1 1 1 1 1 1 0 1 1 1 1 1 
0 1 1 0 1 1 1 0 0 0 0 1 0 0 0 1 1 0 0 0 
0 0 1 0 1 0 1 0 0 1 0 0 1 1 0 0 1 1 1 0 
1 0 0 1 1 0 1 1 0 0 1 0 0 0 0 1 1 0 0 1 
0 0 1 1 0 1 1 0 0 1 1 0 0 1 0 0 0 1 1 1 
0 1 1 0 1 1 0 0 1 0 1 1 0 1 1 1 1 0 0 1 
0 0 1 1 1 0 0 0 1 1 1 0 0 0 1 1 0 0 1 0 
0 0 0 0 0 0 1 0 1 1 0 1 1 1 0 0 0 0 0 1 
0 1 1 1 1 1 0 1 1 1 1 1 1 1 1 0 0 1 1 0 
1 1 0 1 0 1 1 1 0 0 0 1 1 1 1 0 0 1 0 1 
0 1 1 1 0 0 0 0 1 1 0 1 1 1 1 1 0 1 0 1 
1 0 0 0 1 1 0 1 0 1 0 1 1 0 0 0 1 0 1 1 
0 0 0 1 1 0 1 1 1 0 0 1 1 1 1 1 1 1 1 0 
0 0 0 1 1 1 0 0 0 0 0 1 1 1 1 0 0 1 1 1 
1 0 0 0 0 0 0 0 1 1 0 1 1 1 0 1 0 1 0 1 
1 1 0 1 0 0 1 0 0 0 1 1 1 0 0 1 1 0 0 1 
1 0 0 1 0 1 0 1 0 1 1 1 0 0 0 1 1 1 1 1 
1 0 1 1 1 0 1 0 1 0 1 0 1 1 1 1 0 1 1 0 
1 0 1 1 1 1 1 1 0 1 1 0 1 0 1 1 1 0 0 0 
1 1 0 1 0 0 0 1 1 0 1 0 1 0 1 1 1 1 1 1 
0 1 1 1 1 1 0 0 1 1 1 1 0 0 1 0 0 0 0 0 
1 1 0 0 1 0 1 0 1 1 0 1 0 1 0 1 0 0 0 0 
133 7 1
1 1 0 0 1 1 1 
1 0 0 0 1 1 0 
0 0 1 0 0 1 1 
0 1 1 1 0 0 1 
1 1 1 0 0 1 0 
1 0 0 1 0 1 1 
0 1 1 1 0 1 0 
0 1 1 0 0 0 0 
1 1 0 0 1 0 0 
0 0 1 0 1 1 0 
0 0 1 0 0 0 0 
0 1 0 1 1 1 0 
0 0 0 0 1 1 0 
0 0 1 0 1 1 0 
1 0 1 1 0 1 0 
1 1 1 0 1 0 0 
1 0 1 1 0 1 0 
0 0 1 1 1 0 0 
1 0 1 0 0 0 0 
1 0 0 0 1 0 1 
1 1 0 0 1 0 0 
1 1 0 1 0 1 1 
1 1 1 0 0 1 0 
1 0 0 1 1 0 0 
0 1 0 0 0 0 0 
0 1 0 1 1 1 0 
0 1 0 1 0 1 0 
0 0 0 1 0 0 1 
1 1 1 1 0 1 0 
1 0 0 0 0 0 0 
0 1 0 0 0 1 0 
0 1 1 0 1 0 0 
0 1 1 1 0 1 0 
0 1 1 0 1 1 0 
0 1 0 0 0 1 0 
1 1 1 1 0 1 1 
1 0 1 0 1 0 0 
1 0 1 1 1 0 0 
1 0 0 0 0 0 1 
0 0 0 1 0 0 0 
1 0 0 1 0 0 0 
0 0 0 1 0 0 0 
0 1 1 0 0 0 1 
1 1 0 1 0 1 1 
0 0 1 0 0 1 0 
0 1 0 0 1 1 1 
1 0 0 1 1 1 0 
1 0 0 0 1 1 0 
0 0 0 1 0 0 1 
0 0 0 0 1 0 1 
0 0 0 0 0 1 1 
0 0 1 0 0 0 1 
1 0 0 0 0 0 1 
0 1 0 0 0 1 1 
0 0 1 0 0 1 1 
1 0 0 1 1 0 0 
0 1 1 0 0 1 0 
0 1 0 1 1 0 0 
1 1 0 0 1 0 1 
1 1 1 1 0 0 0 
1 0 0 0 0 0 0 
1 0 0 1 1 0 0 
0 1 1 1 1 0 1 
1 1 0 0 0 1 1 
1 0 1 0 1 0 0 
0 1 0 0 0 1 0 
0 0 1 0 1 0 0 
1 1 0 1 0 0 0 
1 0 0 1 1 1 1 
1 1 1 1 1 1 1 
0 1 0 1 1 1 1 
0 0 0 1 0 0 1 
1 1 0 1 1 1 0 
1 0 0 0 1 1 1 
1 1 0 0 0 1 0 
1 1 1 1 0 0 0 
1 1 0 1 1 0 1 
1 0 1 1 0 0 1 
1 0 0 1 0 1 0 
1 1 0 1 1 1 1 
1 1 0 1 0 0 0 
0 1 1 0 1 1 1 
0 1 1 0 0 1 0 
0 0 0 1 0 0 0 
1 1 0 1 1 0 1 
1 1 0 0 0 1 0 
0 0 1 1 1 1 1 
0 0 1 0 0 1 1 
1 0 0 0 0 1 1 
0 0 1 0 1 0 1 
0 1 1 0 0 0 1 
0 0 0 1 1 0 0 
1 1 0 0 0 1 0 
0 0 0 1 1 1 0 
1 0 0 1 1 1 0 
0 0 0 0 0 1 1 
1 1 1 1 1 1 1 
1 1 1 1 1 1 0 
1 0 0 0 1 1 1 
1 0 0 0 1 1 1 
0 1 1 1 0 0 0 
1 0 1 1 1 0 1 
0 0 1 1 0 0 0 
1 0 0 1 1 1 0 
0 1 0 1 0 0 1 
0 1 1 0 0 0 0 
1 1 0 1 1 1 1 
0 0 0 1 1 0 1 
0 1 0 0 0 0 0 
0 0 1 0 1 0 1 
0 1 1 1 1 1 0 
1 1 1 1 1 0 0 
1 0 0 1 0 0 0 
1 1 1 0 1 0 0 
1 0 1 0 0 1 1 
1 1 0 0 0 1 1 
1 1 0 0 0 1 1 
1 0 1 1 1 1 0 
0 1 0 0 0 0 0 
0 1 0 0 1 1 1 
0 0 0 0 1 0 0 
1 0 1 0 0 0 1 
0 1 0 1 1 1 0 
1 1 0 1 1 1 1 
1 0 1 0 0 0 1 
0 1 0 1 0 1 0 
0 0 1 1 1 0 1 
1 1 0 0 1 1 0 
0 0 1 1 0 1 0 
0 0 1 1 1 1 0 
0 0 1 0 1 0 1 
0 0 0 0 1 1 0 
0 1 0 0 1 0 1 
145 16 6
1 0 1 0 1 0 1 0 1 1 1 1 1 0 1 1 
0 0 0 1 1 1 0 1 1 1 1 1 1 0 0 0 
0 0 1 1 1 0 0 0 0 1 1 0 0 1 1 1 
0 0 0 1 0 0 1 0 1 1 0 1 1 0 1 0 
0 0 0 0 0 0 0 1 0 0 0 1 1 0 0 1 
0 1 0 1 1 0 1 0 1 0 0 0 0 1 0 1 
1 1 0 1 0 0 0 0 1 0 1 0 0 1 0 1 
0 0 1 1 0 1 1 1 0 0 1 1 0 0 1 0 
1 0 1 1 0 0 1 0 0 1 0 0 1 1 0 1 
1 1 0 0 1 0 0 0 0 0 1 0 0 0 1 0 
0 0 1 1 0 0 1 0 0 1 1 0 0 0 0 1 
1 1 0 1 1 0 0 1 0 0 0 1 1 1 0 1 
0 0 0 0 1 0 0 1 0 0 1 0 0 1 1 0 
1 1 0 0 0 1 1 1 0 1 0 1 1 1 1 1 
0 0 0 0 0 0 1 0 1 0 1 0 1 1 1 1 
0 1 0 1 1 0 0 0 1 0 1 1 0 1 1 0 
0 0 1 0 1 1 1 0 0 1 1 1 0 0 1 1 
1 0 1 1 1 0 1 0 1 0 0 1 1 0 0 1 
1 1 0 0 1 0 0 0 0 1 0 1 1 1 0 1 
1 1 1 0 1 1 1 0 1 1 1 1 1 0 0 1 
0 0 1 0 0 0 1 0 1 0 0 0 1 1 1 0 
1 0 0 0 0 0 0 0 0 1 0 1 0 0 1 1 
1 1 1 1 1 1 0 0 0 1 1 0 1 0 1 1 
0 1 0 0 1 1 1 0 1 0 1 1 0 0 1 0 
0 1 1 1 0 0 1 0 0 1 1 0 0 1 0 1 
0 1 1 0 1 1 0 1 1 0 0 1 0 1 1 1 
1 1 0 0 0 1 0 1 0 0 0 1 1 1 1 1 
0 1 1 0 1 1 1 0 0 1 1 1 0 0 1 1 
0 1 1 0 0 1 1 0 1 0 0 1 1 0 0 1 
1 0 0 1 1 1 0 0 1 1 0 1 1 1 1 1 
0 0 0 0 1 1 0 1 0 1 1 0 1 1 1 1 
0 0 0 1 0 0 1 1 1 0 0 1 0 1 1 0 
0 1 0 1 0 1 1 0 0 0 0 0 1 0 0 0 
0 1 1 1 1 0 1 1 1 0 1 1 0 1 1 0 
0 0 1 1 1 0 1 1 0 1 1 0 0 0 1 0 
0 1 0 1 1 0 0 0 0 0 0 0 0 0 1 1 
1 1 0 0 1 0 0 1 1 0 0 0 1 0 0 1 
1 1 1 1 1 1 1 0 1 1 1 1 0 0 1 1 
1 1 1 0 0 0 1 0 1 0 1 0 1 0 1 0 
1 1 0 0 0 0 1 0 1 0 1 0 1 1 1 1 
0 1 1 0 1 1 1 0 1 0 0 1 1 1 0 1 
1 1 1 0 1 1 0 1 1 1 0 1 1 0 1 0 
0 0 0 1 0 1 0 0 0 0 1 0 0 1 1 1 
1 1 0 0 0 0 0 0 0 0 1 1 0 0 0 0 
1 1 1 0 0 1 0 1 1 1 0 1 1 1 1 0 
1 0 0 0 0 0 1 0 0 0 0 0 1 1 0 1 
0 0 0 0 0 0 0 1 1 0 1 0 1 0 0 0 
0 0 0 0 1 0 1 1 0 0 0 0 1 0 0 1 
1 1 0 0 0 0 1 0 0 1 0 0 1 0 0 0 
1 1 0 1 0 1 1 1 1 1 1 0 1 0 1 1 
0 1 1 1 1 0 1 0 1 0 0 1 1 0 1 0 
0 1 1 1 1 1 1 0 0 1 0 0 0 1 1 0 
1 1 0 0 1 1 1 0 0 0 1 1 0 1 1 0 
1 1 1 0 0 1 1 1 0 0 1 0 0 0 0 1 
1 1 1 0 1 1 1 1 0 0 1 0 1 1 0 1 
1 0 0 1 1 0 1 1 0 0 0 1 1 0 1 1 
1 0 0 1 1 0 1 0 1 1 0 1 1 1 0 0 
1 1 0 0 1 0 1 0 1 1 1 1 0 1 0 1 
0 1 1 1 0 1 1 0 0 0 0 1 1 0 0 0 
1 0 1 1 0 1 1 0 1 1 0 1 1 0 0 0 
1 0 0 1 1 1 1 1 0 1 1 0 1 0 0 0 
0 1 1 1 0 0 1 0 1 1 0 1 1 0 1 1 
0 0 0 1 1 1 1 1 0 0 0 0 0 0 0 1 
1 1 0 0 1 0 1 0 1 0 0 1 1 1 0 1 
1 0 0 1 1 1 1 0 1 0 1 1 0 0 0 0 
1 1 1 1 0 0 1 0 1 1 0 0 0 1 1 0 
1 0 0 0 1 0 0 0 1 0 1 0 0 1 0 0 
1 1 0 0 0 0 1 0 0 0 1 0 1 1 0 0 
0 0 1 0 0 1 0 0 1 0 1 0 0 0 0 0 
1 0 1 1 0 0 0 1 1 0 1 1 0 0 1 1 
1 1 1 0 0 0 0 1 1 1 1 1 1 1 0 0 
1 1 0 1 1 0 0 0 0 0 0 0 0 1 1 0 
1 0 0 0 1 0 1 0 0 0 1 1 0 1 0 0 
0 0 1 0 1 0 1 1 1 0 0 0 1 0 0 0 
1 0 0 0 0 1 1 1 0 1 1 0 0 0 1 0 
0 0 0 0 0 0 1 0 1 0 1 0 0 1 1 1 
0 0 1 1 0 0 0 0 1 1 1 0 0 1 1 1 
0 0 1 0 1 0 0 1 0 1 1 1 1 0 1 1 
0 0 0 1 0 0 0 0 1 1 0 0 0 1 1 0 
1 0 1 1 0 0 1 1 1 0 1 0 1 0 0 0 
0 0 1 0 1 1 1 1 1 1 1 1 1 0 0 0 
0 1 1 1 0 0 1 1 0 1 1 0 1 1 0 1 
0 1 1 1 1 1 0 1 1 0 0 1 1 1 0 0 
0 0 1 0 0 1 0 0 1 1 0 0 1 1 1 1 
0 0 1 0 0 1 1 1 1 1 0 0 0 1 1 1 
0 1 0 0 1 0 1 1 0 1 1 1 0 0 1 1 
1 1 1 1 1 0 0 1 0 0 1 1 1 0 0 0 
1 0 0 1 0 0 0 1 1 1 0 1 0 1 0 0 
0 1 1 1 0 1 1 0 0 1 1 0 1 1 0 0 
1 0 1 0 0 1 1 1 1 0 1 0 0 0 0 1 
0 1 1 1 0 1 0 0 0 1 0 1 0 1 1 0 
1 0 1 0 0 1 0 0 1 1 0 0 0 1 0 1 
0 1 1 1 0 0 1 1 1 1 0 1 0 0 0 0 
0 1 1 1 0 1 1 1 0 0 1 0 1 0 0 1 
0 0 0 1 1 0 0 0 0 0 0 0 0 0 1 0 
1 0 1 1 1 0 0 0 0 0 1 1 0 0 0 0 
0 1 1 1 0 0 1 1 0 0 0 0 0 0 0 1 
1 1 0 1 0 1 0 1 0 0 0 1 0 0 0 1 
1 0 0 1 1 1 0 1 1 1 1 0 1 1 1 1 
1 0 0 1 0 1 1 1 1 0 1 0 0 1 0 1 
1 0 0 1 1 0 0 0 0 1 0 1 1 0 0 0 
0 0 0 1 0 0 0 0 0 1 0 0 1 1 0 1 
1 1 1 1 0 1 1 0 0 0 1 1 0 0 1 1 
0 0 0 0 1 0 0 0 0 1 0 0 0 0 0 1 
0 0 1 1 0 0 1 0 0 0 0 0 1 1 0 0 
0 0 0 0 0 0 1 0 1 0 0 0 1 1 1 1 
1 0 0 1 0 1 0 0 0 1 1 0 1 1 0 0 
0 1 1 1 1 1 1 0 0 0 0 0 1 1 1 0 
1 1 0 1 1 0 0 0 0 1 0 1 0 1 1 1 
0 0 0 0 1 1 0 1 1 0 1 1 1 0 1 1 
0 0 1 0 0 1 1 1 0 0 0 0 0 0 0 1 
1 1 1 0 0 0 0 1 1 0 1 1 0 1 0 1 
1 1 0 1 0 0 1 1 0 1 0 0 0 0 0 1 
0 0 1 0 0 1 0 0 0 0 0 1 1 1 0 0 
0 1 1 0 1 1 1 0 1 1 0 1 0 0 1 1 
0 0 0 1 0 0 0 1 1 1 1 0 1 0 1 0 
1 1 1 1 1 0 1 1 1 1 1 1 1 1 1 1 
0 0 1 0 1 1 1 0 1 0 0 1 1 1 1 1 
1 1 1 1 0 0 1 0 1 1 1 1 0 1 1 0 
0 1 0 0 1 0 1 1 0 1 1 0 1 1 0 1 
1 0 1 0 1 0 1 0 1 0 0 1 0 1 0 1 
0 0 1 0 0 0 1 1 1 1 0 1 0 0 1 0 
0 1 1 0 0 1 1 1 1 0 0 1 0 0 0 1 
0 1 0 1 1 0 1 0 0 1 1 0 1 1 0 0 
1 0 0 1 1 1 1 1 0 1 1 0 1 0 0 1 
1 0 0 1 0 0 0 0 0 1 1 0 1 0 1 1 
0 0 1 0 0 0 1 1 1 1 0 0 0 1 0 0 
0 0 1 0 0 1 0 0 1 0 1 0 1 0 0 1 
1 0 0 0 1 1 1 1 0 1 1 0 1 0 0 1 
0 0 1 0 1 0 0 0 0 1 1 1 0 0 1 1 
1 0 0 1 1 1 1 1 1 1 1 0 1 0 0 1 
0 1 1 0 1 1 0 1 0 0 0 1 1 0 0 0 
0 1 1 1 0 0 0 0 1 1 1 0 1 0 0 1 
0 1 1 1 0 1 1 1 0 1 0 1 1 1 1 1 
1 1 1 0 1 1 0 1 0 0 1 1 0 1 0 1 
0 0 1 1 0 0 1 0 1 1 1 1 1 0 0 0 
1 1 0 1 1 1 1 1 1 1 1 1 1 1 1 1 
1 0 1 0 0 1 0 1 0 1 1 1 1 1 1 1 
1 0 0 1 0 0 1 1 1 0 1 0 1 0 1 1 
1 1 1 0 1 1 0 0 0 0 0 0 0 0 1 1 
0 0 1 0 0 1 0 0 1 0 1 1 1 1 1 0 
1 1 1 0 0 0 1 0 1 1 0 0 1 1 0 1 
0 0 1 0 1 1 0 1 0 0 0 0 0 1 0 1 
0 1 1 0 1 1 1 1 0 0 0 1 1 0 1 0 
0 0 0 1 1 0 1 1 1 0 1 1 0 0 0 1 
64 7 3
0 1 1 0 1 0 1 
0 1 1 1 1 0 0 
1 1 1 1 1 0 1 
1 0 0 1 0 1 1 
1 1 1 0 1 1 0 
1 1 0 1 1 1 0 
0 0 1 0 0 0 1 
1 1 1 1 0 1 0 
0 0 1 1 0 1 0 
1 0 0 0 0 1 1 
1 0 0 1 1 0 1 
1 1 1 0 0 0 0 
1 1 0 1 1 0 0 
0 1 0 0 1 1 1 
0 1 1 0 1 1 0 
0 0 0 0 0 1 0 
0 0 0 1 1 1 0 
1 0 1 1 1 1 0 
1 0 0 0 1 0 0 
0 0 0 1 0 1 0 
0 0 1 1 1 0 0 
0 0 1 0 0 1 0 
1 1 1 0 1 0 0 
0 0 1 1 1 1 1 
0 0 0 1 1 0 1 
0 0 0 1 1 1 0 
0 0 1 1 0 0 1 
1 0 1 1 1 0 0 
1 0 0 0 1 1 1 
1 1 0 0 1 1 0 
0 0 0 1 0 0 0 
1 0 1 1 0 1 1 
1 0 1 1 0 0 0 
0 0 1 1 1 0 0 
1 1 0 1 0 1 1 
1 1 0 1 0 0 0 
0 0 0 1 0 1 1 
0 0 0 1 1 0 0 
1 1 1 1 0 0 0 
1 1 0 0 1 0 1 
0 1 1 1 0 0 1 
1 1 1 1 0 1 1 
0 1 1 0 1 1 1 
1 0 0 1 1 1 0 
0 0 1 0 1 0 0 
0 1 1 1 0 1 1 
0 1 1 0 0 0 1 
1 0 1 1 1 0 1 
0 1 1 1 1 0 1 
1 1 0 0 1 0 1 
1 1 0 1 0 0 0 
0 1 0 1 0 1 0 
1 0 0 1 1 0 0 
0 1 0 1 0 0 0 
1 1 1 1 1 0 0 
1 0 0 0 0 0 1 
1 1 0 0 1 1 0 
0 0 1 0 0 1 1 
1 1 0 1 1 0 1 
1 0 1 1 0 1 0 
1 1 0 1 1 1 0 
0 0 1 1 0 0 1 
0 0 0 0 0 0 0 
0 1 1 0 0 1 1 
41 5 2
1 1 1 1 0 
0 1 1 1 1 
0 0 1 1 1 
1 1 0 0 1 
0 0 1 0 1 
0 0 0 1 1 
0 1 1 0 1 
1 0 1 0 0 
1 1 1 1 1 
1 0 1 1 1 
0 0 0 0 1 
0 0 0 1 0 
1 0 1 0 1 
0 0 0 1 0 
1 0 0 0 0 
1 1 1 1 0 
1 1 1 0 0 
1 0 0 0 0 
1 1 0 0 0 
0 0 1 1 1 
0 1 1 1 0 
0 1 1 1 0 
0 1 1 0 1 
0 1 0 0 1 
1 0 1 0 0 
0 0 0 0 0 
1 0 1 1 1 
0 1 1 1 0 
0 1 0 0 0 
0 1 0 1 1 
0 1 1 1 1 
0 1 0 0 0 
0 0 1 1 0 
0 1 0 1 1 
1 0 1 0 1 
1 0 1 0 0 
0 0 1 1 1 
0 1 1 1 0 
1 1 0 1 0 
1 1 0 0 1 
0 0 0 1 1 
80 12 3
0 1 1 1 0 1 1 0 1 0 1 0 
0 1 0 0 0 1 0 1 0 1 0 0 
1 0 1 0 1 0 1 0 1 0 1 0 
1 0 0 0 0 0 0 1 0 1 1 1 
0 1 0 1 0 0 1 1 0 1 0 0 
1 1 0 1 1 0 1 0 0 0 1 1 
0 1 0 1 0 0 1 1 1 1 0 1 
0 1 0 1 1 1 1 0 0 1 0 0 
1 0 0 1 1 0 0 0 0 0 1 1 
0 0 1 0 1 1 0 0 0 0 0 1 
0 1 1 0 1 0 1 0 1 1 0 1 
1 0 0 0 0 0 1 0 1 0 0 1 
1 1 1 1 1 1 1 1 1 0 0 1 
0 0 0 0 0 1 0 0 1 0 1 0 
0 0 1 0 0 0 1 1 1 0 0 1 
1 0 1 0 0 1 1 0 0 1 1 0 
0 0 0 0 1 1 1 1 1 0 1 1 
1 0 1 1 0 1 0 1 0 0 1 0 
1 0 1 1 1 0 1 0 0 1 1 1 
1 1 1 1 1 0 0 1 0 0 1 1 
0 0 0 1 0 0 1 0 1 1 1 0 
1 1 1 0 1 0 1 1 1 0 0 0 
1 0 0 0 1 0 1 1 1 1 0 1 
1 1 0 1 0 1 0 0 1 0 0 0 
0 1 1 0 1 1 0 1 0 1 0 0 
0 1 0 0 0 0 1 0 1 1 0 0 
1 1 0 0 1 0 1 0 0 1 0 0 
0 1 1 1 0 1 1 1 0 0 0 1 
0 0 0 1 1 0 1 1 1 0 0 1 
0 0 1 0 1 0 0 0 1 1 0 0 
0 0 0 1 1 0 0 1 1 0 1 1 
1 1 1 0 0 0 0 1 0 0 1 0 
0 0 0 1 0 1 1 1 1 0 0 0 
0 1 0 0 0 1 0 0 0 0 0 1 
0 1 0 0 0 0 1 0 0 0 0 0 
0 1 1 1 0 1 0 1 1 1 0 1 
1 0 0 0 1 1 1 0 1 1 1 0 
0 1 0 1 1 0 1 1 1 1 1 0 
0 0 1 1 1 1 0 1 0 0 0 1 
0 1 1 1 1 0 0 1 0 1 0 0 
0 1 1 1 1 1 0 1 1 0 1 0 
0 0 1 0 1 0 0 1 1 0 0 1 
1 0 0 1 0 0 1 0 1 1 1 0 
0 1 1 1 0 0 1 1 1 1 1 0 
0 1 0 0 1 1 1 1 1 1 0 0 
0 0 0 1 0 0 0 0 0 1 1 0 
1 0 0 1 0 0 0 0 1 0 1 0 
1 0 0 0 1 1 0 0 1 0 0 1 
0 1 1 1 0 1 1 0 0 0 1 0 
0 1 0 1 0 1 1 1 1 1 1 0 
1 0 0 1 0 1 1 1 1 0 1 0 
0 1 1 0 1 1 1 1 1 0 0 0 
1 0 1 1 0 1 0 0 1 1 1 0 
1 1 1 0 0 0 0 1 1 0 0 1 
0 1 1 0 0 1 1 1 1 0 0 1 
0 0 1 0 1 1 1 0 1 0 1 0 
1 1 1 0 0 1 1 0 1 0 0 0 
1 0 0 0 0 1 1 0 1 0 1 0 
1 1 1 0 0 0 1 0 1 1 0 0 
1 1 1 1 0 1 0 0 1 1 0 1 
1 1 1 1 1 0 0 0 1 1 0 0 
0 0 0 1 0 1 1 0 0 0 1 1 
1 0 0 0 1 1 1 0 1 1 0 0 
0 1 0 1 1 1 1 0 1 1 1 1 
0 1 1 0 1 0 0 1 0 0 0 1 
0 1 1 1 0 1 1 1 0 1 1 1 
0 0 1 1 1 1 1 1 1 1 1 1 
0 0 1 1 0 1 1 0 1 1 1 0 
0 1 0 1 1 0 0 0 0 1 0 0 
1 0 1 0 1 1 1 0 0 1 0 0 
1 1 1 1 0 1 1 1 0 0 0 1 
1 0 0 1 0 1 1 0 1 0 0 0 
1 0 1 1 1 0 0 0 1 1 1 1 
0 0 0 0 1 1 1 1 1 1 0 1 
1 0 0 1 0 0 1 0 1 1 0 0 
0 0 1 0 0 1 0 1 1 0 1 0 
1 0 0 0 1 0 1 0 1 0 1 1 
1 0 0 1 0 0 1 0 1 0 0 1 
0 1 0 1 1 1 1 0 1 1 0 1 
0 0 1 1 0 1 1 0 0 0 0 1 
61 6 3
0 1 1 1 1 1 
0 0 1 0 0 1 
1 1 0 1 1 1 
1 0 1 1 1 1 
0 1 1 0 0 0 
1 0 1 0 0 1 
1 1 1 0 0 0 
1 0 1 1 0 0 
0 0 1 1 0 0 
0 0 1 0 1 1 
1 0 0 1 0 0 
0 1 1 1 1 1 
1 1 0 1 0 1 
1 1 0 1 0 0 
0 0 0 1 1 1 
1 0 1 0 0 1 
1 0 1 1 0 1 
0 1 1 1 0 0 
1 1 1 1 0 1 
1 0 0 1 1 0 
0 0 1 0 1 1 
0 0 0 0 1 0 
1 1 0 1 0 0 
1 0 1 1 1 0 
1 0 1 0 1 0 
1 1 0 1 1 0 
0 1 0 1 0 1 
0 0 0 1 1 0 
0 1 0 0 1 0 
1 1 0 1 0 1 
0 1 1 1 0 1 
0 1 0 1 0 0 
0 1 1 0 0 1 
1 0 1 0 1 1 
0 0 0 1 1 0 
0 0 0 0 0 0 
1 0 0 0 1 1 
1 0 0 1 0 0 
0 1 1 0 0 0 
0 0 0 0 0 1 
1 0 1 1 1 1 
1 1 0 0 0 1 
0 0 0 1 1 1 
1 1 0 1 1 0 
1 0 0 0 1 1 
1 0 0 1 0 1 
1 1 0 1 1 1 
0 1 0 0 0 0 
0 1 1 0 1 1 
1 1 0 0 1 0 
0 1 0 1 1 1 
1 0 1 0 1 1 
0 1 0 1 1 1 
1 0 1 1 1 0 
0 0 1 1 1 0 
0 0 0 0 1 1 
1 0 0 1 0 1 
1 0 0 0 1 0 
0 1 1 0 1 1 
1 0 1 0 0 1 
1 1 1 1 1 0 
122 17 3
1 0 0 0 1 1 0 0 0 1 1 0 0 0 1 1 0 
1 0 1 0 0 0 0 0 0 1 1 1 0 1 1 0 0 
0 0 0 0 0 1 0 0 1 1 1 0 0 1 0 0 1 
0 1 1 1 0 1 0 0 1 0 0 1 0 0 0 0 1 
0 0 0 1 0 1 1 0 1 0 0 0 0 0 0 1 1 
1 1 1 1 1 1 1 1 0 1 0 1 0 0 1 1 1 
1 0 1 1 1 1 0 0 1 0 0 1 0 1 0 0 1 
0 0 1 1 1 0 0 0 0 0 0 1 1 1 1 1 0 
0 1 0 1 1 0 0 0 1 1 1 0 1 1 0 0 0 
1 0 1 0 0 1 0 1 0 1 0 0 0 1 1 1 0 
1 1 0 0 1 1 1 1 1 1 1 1 0 0 1 1 0 
0 1 1 1 1 0 0 1 0 0 0 0 1 0 1 1 1 
1 1 0 1 0 0 0 0 0 1 0 0 1 1 0 1 0 
1 0 0 0 0 1 0 0 1 0 0 0 1 1 0 0 0 
0 1 1 0 0 0 1 1 1 0 0 0 0 0 0 0 1 
1 0 0 0 1 0 1 0 0 0 1 0 1 1 1 0 1 
0 1 0 0 0 1 0 1 1 0 1 0 1 1 0 1 0 
0 1 1 0 0 0 1 0 0 1 0 1 0 0 0 0 1 
0 0 1 0 0 0 0 0 1 0 0 1 1 1 1 0 1 
0 0 1 1 0 1 0 1 1 0 1 0 1 1 1 1 1 
0 0 0 1 0 0 0 0 1 0 1 1 1 1 1 1 0 
1 1 0 1 1 1 0 1 1 1 1 0 1 1 0 1 1 
1 1 0 0 0 1 1 0 1 1 0 0 1 1 0 1 1 
0 0 1 1 0 1 0 1 0 1 1 0 1 0 0 1 1 
0 1 1 1 0 1 1 0 0 1 0 1 0 1 0 0 0 
1 0 1 0 0 1 0 0 0 1 0 1 1 1 1 0 1 
0 1 0 1 1 1 1 0 0 0 1 1 1 0 1 1 1 
1 0 0 0 1 1 1 1 1 1 1 1 0 0 1 0 0 
1 0 0 1 1 0 0 0 1 0 1 1 1 1 1 0 1 
1 1 1 0 0 0 1 0 0 0 1 0 1 0 0 1 0 
0 1 0 1 0 1 1 1 0 0 0 1 1 1 1 1 1 
0 0 1 0 0 1 0 0 0 1 1 0 0 0 1 0 1 
0 1 1 0 0 1 1 0 0 1 1 0 1 0 1 1 1 
1 0 0 1 0 0 0 0 0 1 1 0 1 1 1 0 1 
0 0 0 0 0 1 0 0 1 1 0 0 0 1 0 0 0 
0 0 0 1 0 1 0 0 1 0 0 0 0 0 1 1 1 
1 0 0 1 0 1 0 0 0 1 0 1 1 0 1 1 0 
0 1 0 1 1 0 0 0 1 0 1 1 1 1 0 1 1 
1 0 0 1 0 0 0 1 0 1 1 1 0 1 0 1 1 
0 0 1 0 1 0 1 0 0 0 0 0 1 0 1 0 1 
0 0 0 0 0 0 1 1 0 0 0 0 1 0 1 1 0 
1 0 1 0 0 1 0 0 0 1 1 1 0 0 1 0 0 
1 1 0 0 0 0 0 0 0 1 1 0 0 0 1 0 1 
1 0 0 0 0 0 0 0 1 0 0 1 1 0 0 0 1 
0 1 0 1 0 1 1 0 1 1 0 0 0 0 1 0 0 
0 1 0 0 0 0 1 1 1 0 0 0 0 0 0 0 1 
0 1 0 1 0 1 1 1 0 0 1 1 1 0 0 0 1 
1 1 0 0 0 0 1 1 0 1 0 0 1 1 1 1 1 
1 0 1 0 1 0 1 0 1 0 1 1 0 0 0 0 0 
1 1 1 1 1 1 0 1 1 0 1 1 0 0 1 1 1 
1 0 1 0 1 0 0 1 0 0 1 0 0 1 1 1 0 
1 0 0 0 1 0 1 1 1 1 0 1 1 1 1 1 0 
1 0 0 1 1 0 1 0 1 1 0 0 1 0 0 0 1 
1 1 0 1 1 1 1 0 1 1 0 1 1 0 0 1 0 
1 0 0 0 0 1 0 0 1 0 0 1 0 0 0 0 1 
1 1 1 1 1 0 0 0 1 1 0 1 0 0 0 0 1 
1 1 1 0 0 1 1 0 0 1 0 0 1 1 1 1 1 
1 1 1 1 1 0 0 1 1 1 0 0 0 0 1 1 1 
1 0 1 0 1 1 1 1 1 1 1 1 0 0 0 0 0 
1 1 0 0 0 1 1 1 1 0 1 0 1 1 1 0 1 
1 1 1 1 0 1 0 1 0 1 0 0 0 0 1 1 0 
0 1 1 0 1 1 1 1 1 1 1 1 0 1 0 0 1 
1 1 1 1 0 1 1 0 0 1 1 1 0 0 1 1 1 
0 0 0 0 0 1 0 0 1 0 0 1 0 1 0 0 0 
1 1 0 0 1 0 0 0 0 0 0 1 1 1 1 0 0 
0 0 1 0 0 0 0 0 1 1 1 1 0 1 0 1 1 
1 0 0 1 1 1 1 1 1 1 0 1 1 1 0 1 0 
1 0 1 0 1 1 1 0 0 0 1 1 0 1 0 0 0 
0 1 1 0 1 0 0 0 1 1 0 0 1 0 0 0 1 
0 1 1 1 0 1 1 1 1 1 0 0 0 1 1 0 0 
1 0 1 0 1 1 0 0 0 0 1 1 1 0 0 0 1 
1 0 1 1 1 0 1 1 1 1 1 1 1 0 0 0 0 
1 0 1 0 1 0 0 0 0 0 0 0 0 0 1 1 0 
1 1 1 1 0 1 0 1 1 1 1 1 1 0 0 1 0 
1 0 0 1 1 0 1 0 1 0 1 0 0 1 1 0 1 
1 0 1 0 1 1 1 0 0 1 1 0 0 0 0 0 0 
1 0 0 0 0 1 1 0 0 0 1 0 1 0 0 0 0 
0 0 0 1 0 1 0 1 0 0 1 0 0 1 0 0 1 
0 1 0 1 0 0 1 1 1 1 0 1 1 0 1 1 0 
0 0 0 1 1 1 1 1 1 0 0 0 1 0 1 1 0 
1 1 1 1 0 1 1 1 1 0 1 0 0 1 1 1 0 
1 1 0 1 1 1 0 0 0 0 1 1 0 0 1 0 0 
0 1 1 0 0 0 0 0 1 1 0 0 0 1 1 1 0 
0 1 1 1 0 1 0 1 1 0 0 1 1 1 0 0 1 
0 1 1 0 1 1 0 1 1 0 0 0 1 0 1 0 0 
1 0 0 1 1 0 0 0 0 0 1 0 1 0 0 0 0 
0 1 0 1 1 1 0 0 1 1 0 1 0 0 0 1 1 
1 0 0 1 0 1 0 0 1 1 1 0 1 1 0 0 1 
1 0 0 0 0 0 0 1 0 1 0 0 0 0 1 1 1 
0 1 0 1 0 0 0 0 0 0 0 0 1 1 0 0 1 
0 0 0 0 1 0 1 0 0 0 1 1 0 0 0 1 1 
1 1 0 1 1 0 1 1 0 0 1 1 1 1 1 1 0 
1 1 1 0 1 0 1 1 1 1 1 0 0 0 1 1 0 
1 0 0 1 1 1 0 1 1 1 1 1 1 0 1 1 0 
0 1 1 0 0 1 0 0 0 0 1 1 0 1 0 0 1 
0 1 0 1 0 1 1 0 1 0 1 1 1 1 1 1 1 
1 0 0 0 0 0 0 0 0 0 0 0 0 1 0 1 1 
0 0 0 0 1 0 1 0 1 0 1 1 0 1 0 1 0 
0 0 1 1 1 0 1 0 0 0 0 0 0 0 1 0 1 
1 0 0 0 0 1 1 1 0 1 1 1 0 1 1 0 0 
1 1 0 1 0 1 0 1 0 0 1 0 0 0 1 0 0 
1 0 0 1 1 1 0 1 1 0 1 1 1 1 0 0 0 
0 0 1 1 1 0 0 1 0 1 1 0 1 1 0 1 1 
1 0 0 0 1 1 0 0 1 1 1 1 0 1 0 1 1 
0 0 0 0 0 1 0 0 0 1 0 1 1 0 1 1 0 
0 0 0 1 0 0 0 1 1 0 0 0 1 0 1 0 1 
0 0 0 1 1 1 0 1 1 1 1 0 1 1 1 1 1 
0 1 0 1 0 0 1 1 1 1 1 1 0 0 1 0 0 
0 1 1 1 1 1 0 0 1 1 0 1 0 1 0 0 1 
0 0 1 1 0 1 0 0 1 1 1 0 0 0 1 1 1 
1 1 0 1 0 0 1 1 0 1 1 1 0 0 0 1 0 
0 0 0 0 0 1 0 0 1 1 0 1 0 1 0 1 0 
1 1 1 1 1 1 1 0 1 0 0 0 0 1 0 0 0 
0 0 1 0 1 1 0 1 1 1 1 1 0 0 0 1 0 
1 0 0 1 0 1 1 0 1 0 0 0 1 0 1 0 0 
1 1 0 1 1 0 0 0 1 0 1 1 1 1 0 0 0 
0 1 1 0 1 1 1 0 1 1 0 0 1 0 0 1 1 
1 1 1 0 0 1 0 0 0 0 1 0 1 0 0 0 1 
1 0 1 1 0 0 1 0 0 0 0 1 1 0 0 1 0 
0 1 1 1 1 1 0 1 0 1 0 0 0 1 0 1 0 
0 1 1 0 0 0 1 1 1 1 0 0 1 1 0 1 0 
1 1 1 0 1 0 0 0 1 1 0 1 0 0 0 0 1 
